# time (ps)	E field (a.u.)
0.0000	6.911684e-05
0.0500	1.643236e-04
0.1000	6.608742e-05
0.1500	-2.606314e-04
0.2000	1.810712e-04
0.2500	8.927491e-05
0.3000	-1.073906e-04
0.3500	1.162236e-04
0.4000	7.291448e-05
0.4500	5.882650e-05
0.5000	5.684448e-06
0.5500	1.093426e-04
0.6000	-1.472908e-04
0.6500	-3.258199e-05
0.7000	-9.642386e-05
0.7500	1.197692e-04
0.8000	7.944421e-06
0.8500	-5.849135e-05
0.9000	-1.563817e-04
0.9500	-5.143845e-05
1.0000	1.628436e-06
1.0500	-5.512058e-05
1.1000	2.588128e-04
1.1500	2.013449e-04
1.2000	-5.422325e-04
1.2500	-3.778026e-04
1.3000	-3.495442e-05
1.3500	-8.443808e-05
1.4000	4.272860e-05
1.4500	4.346439e-05
1.5000	4.235678e-04
1.5500	-2.224042e-04
1.6000	-7.552100e-05
1.6500	4.085543e-04
1.7000	1.293406e-04
1.7500	1.326127e-04
1.8000	-1.028013e-04
1.8500	-3.296150e-04
1.9000	3.349295e-05
1.9500	2.180282e-05
2.0000	-2.454704e-04
2.0500	-1.366453e-04
2.1000	-1.440874e-05
2.1500	-1.889503e-04
2.2000	-1.965399e-05
2.2500	1.909661e-05
2.3000	7.117247e-06
2.3500	-1.012583e-04
2.4000	1.187496e-04
2.4500	1.782334e-04
2.5000	6.416966e-05
2.5500	-1.636460e-04
2.6000	1.463305e-04
2.6500	-1.002880e-04
2.7000	1.758321e-04
2.7500	-2.143575e-04
2.8000	1.828934e-04
2.8500	-4.012691e-06
2.9000	-2.497498e-04
2.9500	-6.277989e-05
3.0000	1.082046e-05
3.0500	5.455827e-05
3.1000	-1.964376e-04
3.1500	-2.214746e-04
3.2000	3.991695e-05
3.2500	-9.334976e-05
3.3000	4.710174e-05
3.3500	1.519062e-04
3.4000	-3.297493e-04
3.4500	5.090550e-05
3.5000	2.450208e-04
3.5500	-5.921790e-05
3.6000	-1.612951e-04
3.6500	1.529629e-04
3.7000	5.767713e-05
3.7500	1.978099e-04
3.8000	-2.138152e-05
3.8500	-1.794347e-04
3.9000	2.530925e-04
3.9500	5.313775e-04
4.0000	1.496915e-03
4.0500	2.819576e-03
4.1000	5.195549e-03
4.1500	1.026260e-02
4.2000	1.930003e-02
4.2500	3.346294e-02
4.3000	5.542702e-02
4.3500	8.852317e-02
4.4000	1.348125e-01
4.4500	1.957212e-01
4.5000	2.708458e-01
4.5500	3.562690e-01
4.6000	4.448407e-01
4.6500	5.253838e-01
4.7000	5.843139e-01
4.7500	6.060805e-01
4.8000	5.808915e-01
4.8500	5.011687e-01
4.9000	3.689615e-01
4.9500	1.961063e-01
5.0000	-1.302562e-04
5.0500	-1.958672e-01
5.1000	-3.692717e-01
5.1500	-5.010283e-01
5.2000	-5.806755e-01
5.2500	-6.064541e-01
5.3000	-5.842779e-01
5.3500	-5.257384e-01
5.4000	-4.445090e-01
5.4500	-3.562399e-01
5.5000	-2.708083e-01
5.5500	-1.955987e-01
5.6000	-1.347617e-01
5.6500	-8.835295e-02
5.7000	-5.554828e-02
5.7500	-3.332424e-02
5.8000	-1.926619e-02
5.8500	-1.040772e-02
5.9000	-5.728492e-03
5.9500	-2.647671e-03
6.0000	-1.037063e-03
6.0500	-9.254803e-04
6.1000	-7.683405e-04
6.1500	6.446757e-06
6.2000	4.619179e-04
6.2500	-2.188182e-04
6.3000	-2.571270e-04
6.3500	1.152797e-04
6.4000	-1.690122e-04
6.4500	-1.014926e-04
6.5000	-6.971487e-05
6.5500	1.063725e-04
6.6000	-8.106863e-05
6.6500	5.557427e-05
6.7000	-3.530727e-05
6.7500	-1.689344e-04
6.8000	-6.396529e-05
6.8500	-1.900799e-04
6.9000	1.302995e-06
6.9500	-2.247732e-04
7.0000	-2.185789e-04
7.0500	2.913924e-04
7.1000	-1.063684e-05
7.1500	-1.078041e-05
7.2000	1.023073e-04
7.2500	-8.417140e-05
7.3000	-4.570707e-05
7.3500	8.502975e-05
7.4000	5.648317e-05
7.4500	-2.318593e-04
7.5000	1.666685e-04
7.5500	-1.180870e-04
7.6000	-2.112158e-04
7.6500	-1.800950e-04
7.7000	-7.810907e-05
7.7500	3.254601e-04
7.8000	-2.351072e-04
7.8500	3.201518e-05
7.9000	-4.275649e-04
7.9500	-3.133866e-07
8.0000	1.799133e-04
8.0500	-4.733266e-05
8.1000	-1.258710e-04
8.1500	4.630221e-05
8.2000	1.400304e-04
8.2500	1.327315e-04
8.3000	3.944948e-04
8.3500	4.183349e-05
8.4000	-1.184820e-04
8.4500	-2.519584e-05
8.5000	-1.449971e-05
8.5500	2.174748e-05
8.6000	-6.005563e-06
8.6500	3.479319e-05
8.7000	-3.341700e-04
8.7500	1.659258e-04
8.8000	-1.149479e-04
8.8500	-2.346317e-04
8.9000	1.275502e-04
8.9500	2.634652e-04
9.0000	9.860563e-05
9.0500	3.223186e-05
9.1000	-1.864441e-04
9.1500	5.743135e-04
9.2000	1.760517e-04
9.2500	-2.278589e-04
9.3000	-1.559276e-04
9.3500	1.739585e-05
9.4000	-3.109462e-04
9.4500	3.372608e-05
9.5000	-9.181431e-05
9.5500	2.452541e-04
9.6000	1.924309e-04
9.6500	-5.422571e-04
9.7000	8.340517e-06
9.7500	-3.234935e-04
9.8000	2.219276e-04
9.8500	3.362117e-05
9.9000	1.096811e-04
9.9500	-2.130249e-04
10.0000	3.656860e-04
10.0500	4.040147e-04
10.1000	-2.129542e-04
10.1500	7.456302e-05
10.2000	-1.346605e-04
10.2500	-4.713987e-06
10.3000	-2.531274e-04
10.3500	3.734291e-04
10.4000	-1.938359e-04
10.4500	-5.921676e-05
10.5000	1.002966e-04
10.5500	-1.295121e-04
10.6000	-4.786249e-05
10.6500	-1.127280e-04
10.7000	-2.669215e-05
10.7500	-2.341085e-04
10.8000	-8.759762e-05
10.8500	-4.137858e-05
10.9000	-6.674520e-05
10.9500	1.133799e-05
11.0000	-5.862044e-05
11.0500	1.506423e-04
11.1000	-6.463919e-05
11.1500	-2.732992e-05
11.2000	-1.329563e-04
11.2500	-1.053030e-04
11.3000	-2.528986e-04
11.3500	1.037570e-04
11.4000	-2.285036e-04
11.4500	-1.491713e-04
11.5000	7.184893e-05
11.5500	8.051467e-05
11.6000	-8.002295e-05
11.6500	-4.038532e-04
11.7000	8.410266e-05
11.7500	5.191269e-05
11.8000	-2.824762e-04
11.8500	1.540644e-04
11.9000	-1.402200e-04
11.9500	-2.252376e-04
12.0000	1.914614e-05
12.0500	-3.569409e-05
12.1000	4.052480e-05
12.1500	-3.211496e-04
12.2000	3.624460e-04
12.2500	-1.205317e-04
12.3000	-3.079319e-04
12.3500	1.237684e-04
12.4000	-7.096083e-05
12.4500	6.497170e-05
12.5000	-6.792169e-05
12.5500	-1.194807e-05
12.6000	4.915457e-05
12.6500	-1.493306e-04
12.7000	1.357479e-04
12.7500	-9.398002e-05
12.8000	-1.739374e-04
12.8500	1.540648e-05
12.9000	8.900826e-05
12.9500	-4.581587e-05
13.0000	-1.725040e-04
13.0500	1.239571e-04
13.1000	-3.520658e-04
13.1500	-2.061728e-04
13.2000	7.904578e-06
13.2500	-2.722119e-04
13.3000	5.598853e-06
13.3500	-1.097262e-05
13.4000	1.797480e-04
13.4500	-1.829581e-04
13.5000	-1.251813e-04
13.5500	6.663634e-05
13.6000	-4.915127e-04
13.6500	6.200085e-04
13.7000	-1.397301e-04
13.7500	-1.459670e-04
13.8000	1.722255e-04
13.8500	-7.966368e-06
13.9000	-3.558857e-04
13.9500	1.253855e-04
14.0000	1.710756e-04
14.0500	-8.998925e-05
14.1000	-5.632007e-05
14.1500	9.719692e-05
14.2000	-1.817560e-04
14.2500	8.767771e-05
14.3000	3.985970e-05
14.3500	-1.349865e-04
14.4000	-2.784204e-04
14.4500	-4.512117e-05
14.5000	-1.750845e-04
14.5500	2.002820e-04
14.6000	2.881707e-05
14.6500	1.564169e-04
14.7000	2.692439e-05
14.7500	5.258022e-05
14.8000	-1.565998e-04
14.8500	1.336095e-04
14.9000	3.569397e-04
14.9500	-6.193751e-05
15.0000	-1.185549e-04
15.0500	-3.156734e-05
15.1000	-9.625606e-05
15.1500	-1.402959e-04
15.2000	2.763873e-05
15.2500	-5.818351e-05
15.3000	2.877747e-04
15.3500	4.032859e-08
15.4000	6.478240e-05
15.4500	1.904044e-04
15.5000	-6.015117e-05
15.5500	2.873473e-04
15.6000	-1.265388e-04
15.6500	-1.616655e-04
15.7000	-7.325340e-05
15.7500	-2.294348e-05
15.8000	-2.802636e-04
15.8500	-7.018957e-06
15.9000	-3.334973e-04
15.9500	2.784277e-04
16.0000	-1.619939e-05
16.0500	-1.283915e-04
16.1000	-1.816676e-04
16.1500	-7.688609e-05
16.2000	-4.461589e-05
16.2500	-2.089022e-04
16.3000	-1.839590e-04
16.3500	-3.743500e-05
16.4000	-1.041567e-04
16.4500	1.878426e-04
16.5000	2.275741e-04
16.5500	3.204241e-06
16.6000	9.471991e-05
16.6500	-2.670377e-04
16.7000	1.274835e-04
16.7500	-6.116694e-06
16.8000	9.693366e-05
16.8500	3.200712e-04
16.9000	-4.561716e-04
16.9500	5.218964e-05
17.0000	-2.198238e-04
17.0500	1.184393e-04
17.1000	-2.626627e-04
17.1500	-9.907991e-05
17.2000	4.054675e-05
17.2500	1.227019e-04
17.3000	1.495882e-05
17.3500	-1.585662e-04
17.4000	-1.107064e-04
17.4500	1.769006e-04
17.5000	-1.099923e-06
17.5500	-3.367629e-04
17.6000	1.687325e-04
17.6500	8.324970e-05
17.7000	1.746831e-04
17.7500	-6.732549e-05
17.8000	1.656313e-04
17.8500	-2.122130e-04
17.9000	1.140000e-04
17.9500	-9.807606e-05
18.0000	1.348703e-04
18.0500	2.011288e-04
18.1000	-1.471980e-04
18.1500	-1.024590e-05
18.2000	7.790925e-06
18.2500	2.379330e-04
18.3000	1.421116e-04
18.3500	-2.438555e-04
18.4000	9.152165e-05
18.4500	1.490178e-04
18.5000	4.247612e-04
18.5500	-3.358298e-04
18.6000	-1.072705e-04
18.6500	2.666742e-04
18.7000	-2.710141e-04
18.7500	-2.398921e-04
18.8000	1.034164e-04
18.8500	2.036817e-04
18.9000	-1.337361e-04
18.9500	1.080254e-04
19.0000	2.339105e-05
19.0500	3.037498e-04
19.1000	-3.036879e-07
19.1500	1.980495e-04
19.2000	-1.806236e-04
19.2500	-3.697577e-05
19.3000	-1.934089e-05
19.3500	2.278216e-04
19.4000	1.159226e-04
19.4500	-1.503506e-04
19.5000	1.363936e-04
19.5500	1.541263e-04
19.6000	-2.232914e-05
19.6500	-5.153246e-05
19.7000	-3.876065e-05
19.7500	-3.389985e-04
19.8000	3.774860e-05
19.8500	4.691559e-05
19.9000	-1.731057e-04
19.9500	1.484892e-04
20.0000	-2.745934e-04
20.0500	-1.103626e-04
20.1000	-9.504381e-05
20.1500	3.975020e-04
20.2000	-3.198368e-04
20.2500	1.125261e-04
20.3000	1.884247e-04
20.3500	7.554511e-05
20.4000	2.363616e-04
20.4500	-2.005475e-04
20.5000	-4.560517e-04
20.5500	1.533636e-04
20.6000	-2.391656e-04
20.6500	-6.527998e-05
20.7000	-2.357692e-04
20.7500	2.104684e-04
20.8000	1.730300e-04
20.8500	-1.440127e-04
20.9000	1.806984e-04
20.9500	2.425545e-05
21.0000	-2.787777e-05
21.0500	1.148333e-05
21.1000	-4.054987e-05
21.1500	1.230011e-04
21.2000	6.206951e-05
21.2500	-6.989343e-05
21.3000	2.012511e-04
21.3500	-1.222951e-04
21.4000	5.738673e-05
21.4500	8.443107e-05
21.5000	2.957614e-04
21.5500	-1.010883e-04
21.6000	3.486165e-04
21.6500	3.523299e-05
21.7000	-3.879538e-05
21.7500	-1.344946e-04
21.8000	1.172587e-04
21.8500	9.787049e-06
21.9000	-2.207219e-04
21.9500	-2.255774e-04
22.0000	-1.111038e-04
22.0500	-1.352012e-04
22.1000	2.180605e-04
22.1500	2.751077e-04
22.2000	1.737119e-04
22.2500	7.157378e-05
22.3000	-8.564764e-05
22.3500	1.089664e-05
22.4000	1.769414e-04
22.4500	4.261944e-04
22.5000	1.825798e-04
22.5500	-5.608243e-05
22.6000	7.605015e-06
22.6500	-9.650898e-05
22.7000	-1.564797e-04
22.7500	-3.684840e-05
22.8000	3.912294e-05
22.8500	3.671803e-04
22.9000	1.040649e-05
22.9500	2.714716e-04
23.0000	3.534978e-04
23.0500	1.576157e-05
23.1000	3.215598e-04
23.1500	1.429871e-04
23.2000	-8.350706e-05
23.2500	5.303600e-05
23.3000	4.575564e-06
23.3500	-4.646781e-05
23.4000	-3.975625e-05
23.4500	2.884186e-05
23.5000	8.683623e-05
23.5500	-1.769764e-04
23.6000	-1.877532e-06
23.6500	-3.044710e-04
23.7000	5.215910e-05
23.7500	1.247199e-04
23.8000	3.279097e-05
23.8500	5.717063e-05
23.9000	1.179886e-04
23.9500	-1.330202e-04
24.0000	-4.780977e-05
24.0500	1.021844e-04
24.1000	2.003771e-04
24.1500	7.898428e-05
24.2000	5.105719e-04
24.2500	-1.827211e-05
24.3000	1.999321e-04
24.3500	2.533455e-04
24.4000	-2.675397e-05
24.4500	-1.641026e-04
24.5000	-2.365206e-04
24.5500	3.245540e-05
24.6000	2.220584e-04
24.6500	5.433368e-05
24.7000	3.457122e-05
24.7500	-7.584278e-05
24.8000	1.122059e-04
24.8500	-4.271662e-04
24.9000	4.647465e-05
24.9500	5.625262e-06
25.0000	-2.740680e-04
25.0500	4.351196e-04
25.1000	-2.774826e-04
25.1500	-2.155041e-04
25.2000	-2.401726e-04
25.2500	2.220736e-04
25.3000	-1.776170e-04
25.3500	1.337313e-04
25.4000	1.175020e-04
25.4500	5.193408e-05
25.5000	-2.615158e-04
25.5500	-1.224213e-04
25.6000	3.346230e-04
25.6500	-2.581509e-04
25.7000	-1.663310e-04
25.7500	-3.244930e-05
25.8000	1.617980e-04
25.8500	5.032784e-05
25.9000	1.484088e-04
25.9500	-2.134588e-04
26.0000	1.889553e-04
26.0500	1.138058e-04
26.1000	-3.189129e-04
26.1500	3.079832e-04
26.2000	4.584796e-04
26.2500	-1.537155e-04
26.3000	1.113056e-05
26.3500	2.794845e-04
26.4000	-2.962480e-04
26.4500	-3.979721e-04
26.5000	-2.593888e-04
26.5500	-1.134134e-04
26.6000	-1.156884e-04
26.6500	1.214694e-04
26.7000	5.370727e-05
26.7500	-2.492155e-04
26.8000	1.134760e-04
26.8500	3.748163e-04
26.9000	2.394109e-04
26.9500	1.982215e-04
27.0000	4.035586e-06
27.0500	1.967263e-04
27.1000	-1.932266e-04
27.1500	1.502029e-04
27.2000	-1.744968e-05
27.2500	2.261811e-04
27.3000	9.320211e-05
27.3500	-2.179760e-04
27.4000	2.559859e-05
27.4500	2.436443e-04
27.5000	-2.258468e-04
27.5500	-1.118280e-04
27.6000	-1.537346e-04
27.6500	-2.991292e-04
27.7000	1.922537e-04
27.7500	2.621995e-04
27.8000	1.600086e-04
27.8500	4.851406e-05
27.9000	-1.040628e-05
27.9500	4.787606e-05
28.0000	-1.463112e-04
28.0500	1.787691e-04
28.1000	2.090985e-04
28.1500	1.865087e-04
28.2000	-1.061896e-04
28.2500	1.568087e-05
28.3000	-3.315616e-05
28.3500	3.577150e-04
28.4000	3.593924e-05
28.4500	-3.764142e-04
28.5000	7.970113e-05
28.5500	3.764532e-04
28.6000	1.370351e-04
28.6500	1.758959e-04
28.7000	7.212253e-06
28.7500	-3.942779e-04
28.8000	-3.620516e-04
28.8500	-2.491896e-04
28.9000	-2.536641e-05
28.9500	6.199970e-05
29.0000	1.378828e-04
29.0500	-6.809161e-05
29.1000	1.913859e-04
29.1500	-5.594975e-05
29.2000	-1.408979e-04
29.2500	1.703283e-04
29.3000	-1.828890e-04
29.3500	-5.458170e-04
29.4000	-2.119914e-04
29.4500	1.883191e-05
29.5000	-6.160356e-04
29.5500	-7.142761e-05
29.6000	-6.641807e-05
29.6500	-2.852912e-04
29.7000	-2.965007e-04
29.7500	-9.249239e-05
29.8000	-1.094200e-04
29.8500	2.519837e-04
29.9000	7.497261e-05
29.9500	-3.161711e-04
30.0000	-1.709303e-04
30.0500	1.410283e-04
30.1000	3.791954e-04
30.1500	7.729990e-05
30.2000	6.214251e-05
30.2500	3.721505e-04
30.3000	-4.534289e-06
30.3500	-6.182019e-05
30.4000	-2.826498e-04
30.4500	-1.026032e-04
30.5000	4.357425e-04
30.5500	-2.843483e-04
30.6000	2.238341e-06
30.6500	-2.816655e-04
30.7000	2.569515e-05
30.7500	1.775294e-04
30.8000	-4.872986e-05
30.8500	1.460695e-04
30.9000	1.441688e-04
30.9500	8.940496e-05
31.0000	3.432496e-04
31.0500	1.557675e-04
31.1000	-6.099191e-05
31.1500	-1.361647e-04
31.2000	-1.690613e-04
31.2500	9.517349e-05
31.3000	-6.474436e-05
31.3500	5.458334e-04
31.4000	3.684895e-04
31.4500	-4.290480e-05
31.5000	-6.582625e-05
31.5500	3.380353e-04
31.6000	-3.766720e-04
31.6500	-9.031021e-05
31.7000	1.901514e-04
31.7500	-1.824195e-04
31.8000	-9.536599e-05
31.8500	-7.022823e-05
31.9000	1.321617e-04
31.9500	2.750538e-05
32.0000	8.041748e-05
32.0500	1.190567e-04
32.1000	5.987646e-06
32.1500	2.221132e-04
32.2000	-1.457918e-04
32.2500	-2.872243e-04
32.3000	-3.553744e-04
32.3500	-3.242020e-04
32.4000	-1.101031e-04
32.4500	2.060094e-04
32.5000	3.483335e-05
32.5500	-1.197093e-04
32.6000	-2.139711e-04
32.6500	-1.057771e-04
32.7000	-8.073328e-05
32.7500	-1.130199e-04
32.8000	-2.865089e-04
32.8500	-9.516156e-05
32.9000	2.034272e-04
32.9500	-4.349218e-04
33.0000	-4.812173e-05
33.0500	-4.242697e-04
33.1000	3.660952e-05
33.1500	-1.494979e-04
33.2000	-4.171375e-04
33.2500	2.014044e-05
33.3000	3.634811e-04
33.3500	2.177831e-05
33.4000	2.323583e-04
33.4500	-1.430088e-05
33.5000	-4.315182e-04
33.5500	9.809670e-05
33.6000	-8.365586e-05
33.6500	-2.924170e-04
33.7000	1.569673e-04
33.7500	5.737151e-05
33.8000	-1.050819e-04
33.8500	1.736139e-04
33.9000	-1.744144e-04
33.9500	1.286865e-04
34.0000	-1.880921e-04
34.0500	1.067910e-04
34.1000	-2.201496e-04
34.1500	2.978376e-04
34.2000	5.086150e-05
34.2500	2.865750e-04
34.3000	-1.644892e-04
34.3500	-9.522047e-05
34.4000	1.679330e-04
34.4500	-5.487434e-04
34.5000	-2.133582e-04
34.5500	2.066354e-04
34.6000	9.302186e-05
34.6500	1.957539e-04
34.7000	-6.195218e-05
34.7500	1.127999e-04
34.8000	-1.461689e-04
34.8500	-2.743921e-04
34.9000	-3.389590e-04
34.9500	-1.103419e-04
35.0000	-1.097883e-04
35.0500	-1.258755e-04
35.1000	-7.097610e-04
35.1500	-3.997207e-04
35.2000	-1.065265e-04
35.2500	5.740333e-05
35.3000	-1.157585e-04
35.3500	-1.753794e-04
35.4000	-4.616947e-04
35.4500	4.042998e-04
35.5000	-2.202223e-04
35.5500	3.366793e-04
35.6000	3.121372e-04
35.6500	5.478581e-05
35.7000	-1.145219e-04
35.7500	2.644311e-05
35.8000	-2.306084e-04
35.8500	5.214603e-05
35.9000	5.904296e-07
35.9500	1.063937e-04
36.0000	1.900874e-04
36.0500	3.465677e-04
36.1000	-7.766317e-05
36.1500	2.086777e-04
36.2000	-1.583339e-04
36.2500	-1.789130e-04
36.3000	-1.236113e-04
36.3500	-1.963931e-04
36.4000	1.960529e-04
36.4500	1.846482e-04
36.5000	2.544623e-04
36.5500	-5.060066e-06
36.6000	5.487632e-05
36.6500	-1.156854e-04
36.7000	-2.301922e-04
36.7500	8.940363e-05
36.8000	5.367462e-05
36.8500	-2.214027e-04
36.9000	1.170665e-04
36.9500	-3.483455e-04
37.0000	-3.579970e-05
37.0500	-1.260628e-04
37.1000	-1.058552e-04
37.1500	-2.166916e-04
37.2000	1.904988e-04
37.2500	1.131896e-04
37.3000	2.366841e-04
37.3500	2.609947e-05
37.4000	-2.596107e-04
37.4500	-7.580030e-05
37.5000	-2.383036e-04
37.5500	8.935903e-05
37.6000	2.397412e-04
37.6500	6.321808e-05
37.7000	-1.225042e-04
37.7500	-7.666542e-05
37.8000	3.809000e-05
37.8500	-2.920715e-04
37.9000	2.692043e-05
37.9500	3.669958e-05
38.0000	-1.120486e-04
38.0500	-8.680705e-05
38.1000	3.076893e-05
38.1500	-1.676578e-04
38.2000	-1.680926e-04
38.2500	1.519942e-04
38.3000	4.067414e-05
38.3500	3.317327e-04
38.4000	-2.015956e-04
38.4500	-3.601932e-04
38.5000	1.837558e-04
38.5500	1.868289e-04
38.6000	-1.524367e-04
38.6500	-2.985714e-04
38.7000	-1.443812e-05
38.7500	-3.555811e-04
38.8000	-7.379293e-05
38.8500	-4.421824e-04
38.9000	-5.358915e-05
38.9500	-4.302701e-04
39.0000	-5.376792e-05
39.0500	2.969023e-04
39.1000	-6.013905e-05
39.1500	1.470477e-04
39.2000	-1.354153e-04
39.2500	-1.856966e-04
39.3000	-3.070157e-04
39.3500	2.004617e-04
39.4000	-1.939595e-05
39.4500	3.164637e-04
39.5000	-2.439637e-04
39.5500	-5.301848e-05
39.6000	7.237358e-06
39.6500	2.736343e-04
39.7000	3.553869e-04
39.7500	-1.389187e-04
39.8000	-2.360568e-04
39.8500	-3.567691e-04
39.9000	2.577446e-04
39.9500	-2.719885e-05
40.0000	-1.394954e-04
40.0500	-2.028800e-05
40.1000	-5.217817e-04
40.1500	-3.553266e-04
40.2000	1.767605e-04
40.2500	6.880651e-05
40.3000	1.961590e-05
40.3500	-2.107374e-04
40.4000	1.070690e-04
40.4500	3.451811e-04
40.5000	-2.554536e-04
40.5500	-7.632626e-06
40.6000	-9.763675e-05
40.6500	6.152237e-05
40.7000	-7.885043e-06
40.7500	-4.012399e-05
40.8000	-1.871631e-04
40.8500	-1.391705e-05
40.9000	-1.336582e-04
40.9500	-4.007932e-05
41.0000	-2.350276e-05
41.0500	1.200591e-04
41.1000	-1.272635e-04
41.1500	-7.548404e-05
41.2000	2.035934e-04
41.2500	-5.446544e-05
41.3000	-6.319284e-05
41.3500	1.620540e-04
41.4000	4.370524e-05
41.4500	7.448525e-06
41.5000	3.323910e-05
41.5500	-2.586041e-04
41.6000	8.164073e-05
41.6500	2.547596e-04
41.7000	1.059833e-04
41.7500	-3.212354e-04
41.8000	4.705206e-05
41.8500	-1.905450e-04
41.9000	-5.466793e-05
41.9500	1.678194e-05
42.0000	-2.474061e-04
42.0500	2.584211e-04
42.1000	-2.233233e-05
42.1500	1.500813e-04
42.2000	1.186960e-04
42.2500	2.606713e-04
42.3000	2.303537e-04
42.3500	-3.026320e-04
42.4000	9.621806e-07
42.4500	-4.344811e-04
42.5000	-9.675540e-05
42.5500	1.356845e-04
42.6000	1.756593e-04
42.6500	2.507652e-04
42.7000	-8.235553e-05
42.7500	5.719282e-05
42.8000	1.273473e-05
42.8500	2.467374e-04
42.9000	3.110600e-04
42.9500	-7.830666e-05
43.0000	7.503270e-04
43.0500	-7.208147e-06
43.1000	-7.977769e-05
43.1500	1.135680e-04
43.2000	1.454385e-04
43.2500	1.031229e-04
43.3000	-1.359353e-04
43.3500	2.887602e-04
43.4000	5.164773e-06
43.4500	3.020940e-04
43.5000	2.733124e-04
43.5500	-2.597710e-04
43.6000	-2.008626e-04
43.6500	-2.048466e-04
43.7000	4.541551e-05
43.7500	6.422825e-06
43.8000	4.951505e-05
43.8500	-1.665422e-04
43.9000	8.142947e-05
43.9500	2.770209e-04
44.0000	-2.707189e-04
44.0500	-4.275905e-05
44.1000	4.620115e-05
44.1500	-2.941012e-05
44.2000	-4.282549e-05
44.2500	3.504528e-04
44.3000	2.534135e-04
44.3500	1.666790e-04
44.4000	-1.554399e-04
44.4500	4.451213e-04
44.5000	6.918053e-05
44.5500	-1.185952e-04
44.6000	-7.047546e-05
44.6500	-1.008657e-04
44.7000	4.213073e-04
44.7500	3.823740e-05
44.8000	9.863937e-06
44.8500	-4.333224e-04
44.9000	1.447621e-04
44.9500	-2.142992e-04
45.0000	-2.285913e-04
45.0500	1.199115e-04
45.1000	-1.752817e-04
45.1500	1.645670e-04
45.2000	2.217786e-04
45.2500	-3.604790e-04
45.3000	-2.982201e-05
45.3500	-3.173636e-04
45.4000	-1.498680e-05
45.4500	1.798396e-04
45.5000	-2.753655e-04
45.5500	3.578320e-04
45.6000	-6.492823e-05
45.6500	-2.395136e-04
45.7000	-2.786347e-05
45.7500	1.553549e-04
45.8000	-2.785867e-04
45.8500	-2.853192e-06
45.9000	-2.779625e-04
45.9500	2.375092e-04
46.0000	2.757458e-05
46.0500	-8.853697e-05
46.1000	2.034973e-04
46.1500	-2.613223e-04
46.2000	-8.233736e-05
46.2500	3.655037e-04
46.3000	-2.861328e-05
46.3500	2.675122e-04
46.4000	3.514719e-05
46.4500	-1.439250e-04
46.5000	-5.324427e-05
46.5500	1.138681e-05
46.6000	-8.600274e-05
46.6500	-1.689403e-04
46.7000	-1.604783e-04
46.7500	-3.008936e-04
46.8000	1.782065e-05
46.8500	7.441617e-05
46.9000	1.454600e-04
46.9500	-3.655172e-04
47.0000	1.567735e-04
47.0500	-7.821215e-06
47.1000	-2.901232e-04
47.1500	1.516702e-05
47.2000	1.585190e-04
47.2500	1.000841e-04
47.3000	1.406654e-04
47.3500	1.846669e-04
47.4000	1.747915e-04
47.4500	-1.149001e-05
47.5000	-4.208461e-04
47.5500	-1.562463e-04
47.6000	6.691923e-05
47.6500	-9.817456e-05
47.7000	1.328764e-04
47.7500	1.553636e-04
47.8000	5.471122e-06
47.8500	3.718374e-04
47.9000	-1.991066e-04
47.9500	1.822117e-04
48.0000	-9.851720e-05
48.0500	-1.600933e-04
48.1000	1.137631e-04
48.1500	-1.271228e-04
48.2000	1.678578e-04
48.2500	-2.372587e-04
48.3000	3.116787e-06
48.3500	-1.725860e-04
48.4000	-5.089561e-05
48.4500	-7.828227e-05
48.5000	-2.295939e-04
48.5500	1.272559e-04
48.6000	-2.528487e-04
48.6500	-1.998179e-04
48.7000	1.745502e-04
48.7500	1.909481e-04
48.8000	1.298891e-04
48.8500	6.440812e-05
48.9000	4.520545e-04
48.9500	-2.454811e-04
49.0000	-1.521976e-04
49.0500	-2.022555e-04
49.1000	1.762918e-04
49.1500	5.420199e-05
49.2000	2.187972e-04
49.2500	1.911525e-04
49.3000	-4.832499e-05
49.3500	-1.670793e-04
49.4000	-2.016900e-04
49.4500	4.391347e-04
49.5000	1.903647e-04
49.5500	1.155064e-04
49.6000	-7.086609e-05
49.6500	-4.267963e-05
49.7000	-7.181843e-05
49.7500	-6.775697e-05
49.8000	-4.836999e-04
49.8500	-1.523988e-05
49.9000	-7.942673e-05
49.9500	5.499126e-05
50.0000	3.896791e-05
50.0500	1.677436e-04
50.1000	-5.529856e-06
50.1500	1.564864e-04
50.2000	-5.150886e-04
50.2500	-2.231354e-04
50.3000	3.422886e-04
50.3500	-2.467038e-04
50.4000	-5.866095e-05
50.4500	1.385207e-04
50.5000	-1.793439e-04
50.5500	1.416749e-04
50.6000	-2.884513e-04
50.6500	-3.855012e-04
50.7000	-2.686905e-04
50.7500	-3.335735e-04
50.8000	-6.371875e-06
50.8500	-6.638787e-05
50.9000	6.285552e-05
50.9500	-2.099789e-04
51.0000	5.057515e-04
51.0500	-2.192417e-05
51.1000	-1.198348e-05
51.1500	8.833203e-05
51.2000	-5.151995e-05
51.2500	-1.291042e-04
51.3000	1.435971e-05
51.3500	1.809555e-04
51.4000	1.303518e-04
51.4500	1.856161e-04
51.5000	-1.155561e-04
51.5500	-1.576603e-04
51.6000	3.982334e-04
51.6500	-5.037795e-05
51.7000	9.313875e-05
51.7500	1.451844e-04
51.8000	2.817005e-04
51.8500	-2.726456e-04
51.9000	-9.841385e-05
51.9500	-8.905866e-05
52.0000	-6.261614e-05
52.0500	-4.848470e-04
52.1000	-2.151922e-05
52.1500	-5.810347e-04
52.2000	5.741868e-05
52.2500	1.053695e-04
52.3000	1.174845e-04
52.3500	-2.430163e-04
52.4000	1.890096e-04
52.4500	-1.747815e-04
52.5000	-2.473654e-04
52.5500	-1.979658e-04
52.6000	-1.714077e-04
52.6500	3.270189e-05
52.7000	1.632021e-04
52.7500	-4.220112e-04
52.8000	-1.098554e-04
52.8500	1.787943e-04
52.9000	3.923899e-05
52.9500	1.003547e-04
53.0000	-3.009342e-04
53.0500	1.897475e-04
53.1000	-3.137888e-04
53.1500	3.801429e-05
53.2000	2.722515e-04
53.2500	3.758701e-04
53.3000	1.023073e-04
53.3500	1.761938e-04
53.4000	-1.212663e-04
53.4500	-9.628883e-05
53.5000	2.338847e-04
53.5500	3.212765e-07
53.6000	-2.546276e-05
53.6500	-2.821116e-04
53.7000	3.011820e-05
53.7500	1.291727e-04
53.8000	-1.588339e-04
53.8500	-1.014160e-04
53.9000	3.160913e-04
53.9500	3.565323e-05
54.0000	-5.771873e-05
54.0500	-2.273966e-04
54.1000	-1.239158e-04
54.1500	-4.999925e-05
54.2000	2.738256e-04
54.2500	-1.220989e-04
54.3000	3.588672e-04
54.3500	-1.857376e-04
54.4000	-7.151736e-05
54.4500	1.687087e-04
54.5000	-4.803899e-05
54.5500	-1.660524e-04
54.6000	-2.636868e-05
54.6500	8.974250e-05
54.7000	-3.431468e-04
54.7500	-4.970727e-05
54.8000	-2.186732e-05
54.8500	-8.074955e-05
54.9000	1.470712e-04
54.9500	-1.137104e-04
55.0000	-7.290297e-05
55.0500	7.528517e-06
55.1000	1.457698e-04
55.1500	-4.423252e-05
55.2000	3.033195e-04
55.2500	-1.815437e-04
55.3000	2.573029e-04
55.3500	-1.715643e-04
55.4000	-3.261330e-05
55.4500	7.280924e-05
55.5000	4.109680e-04
55.5500	1.791652e-04
55.6000	-8.117257e-05
55.6500	2.598238e-04
55.7000	-4.274098e-05
55.7500	-1.582892e-04
55.8000	8.973694e-05
55.8500	1.889417e-05
55.9000	1.907333e-04
55.9500	-1.099477e-04
56.0000	7.630070e-05
56.0500	1.269099e-04
56.1000	5.560911e-05
56.1500	-5.796706e-06
56.2000	-1.395237e-04
56.2500	1.807504e-04
56.3000	2.744490e-05
56.3500	9.926079e-05
56.4000	-7.015565e-05
56.4500	2.602338e-06
56.5000	-2.074456e-04
56.5500	1.710506e-05
56.6000	1.530421e-04
56.6500	1.859866e-05
56.7000	1.718786e-04
56.7500	6.258210e-05
56.8000	2.727713e-04
56.8500	-3.800993e-05
56.9000	-3.277260e-04
56.9500	8.649765e-05
57.0000	-3.303790e-05
57.0500	-1.948587e-04
57.1000	1.302531e-04
57.1500	5.286583e-05
57.2000	8.906772e-05
57.2500	-6.647519e-05
57.3000	3.940943e-05
57.3500	5.086781e-05
57.4000	3.549310e-04
57.4500	-1.367920e-04
57.5000	-2.098840e-06
57.5500	7.277196e-05
57.6000	-3.449574e-04
57.6500	-3.205937e-04
57.7000	4.331637e-04
57.7500	-3.534238e-04
57.8000	1.149858e-04
57.8500	-1.696451e-04
57.9000	-1.526320e-04
57.9500	-3.965050e-04
58.0000	-1.801477e-04
58.0500	1.568757e-04
58.1000	-2.777486e-04
58.1500	1.190854e-04
58.2000	6.265955e-05
58.2500	4.036605e-04
58.3000	-9.490672e-05
58.3500	2.526828e-04
58.4000	1.777738e-04
58.4500	-5.733368e-05
58.5000	-3.325912e-04
58.5500	3.018881e-04
58.6000	-2.728778e-04
58.6500	-9.468319e-05
58.7000	1.766353e-04
58.7500	2.231911e-04
58.8000	-1.690893e-04
58.8500	-6.400337e-06
58.9000	-5.171569e-05
58.9500	2.363117e-04
59.0000	5.009267e-04
59.0500	-3.659774e-04
59.1000	1.832846e-04
59.1500	-5.716351e-04
59.2000	2.813274e-06
59.2500	-2.217569e-04
59.3000	3.983638e-04
59.3500	3.327371e-05
59.4000	-1.473543e-04
59.4500	-9.986257e-05
59.5000	-1.150592e-04
59.5500	3.766232e-05
59.6000	-3.162969e-05
59.6500	1.311771e-04
59.7000	3.080522e-04
59.7500	1.402824e-04
59.8000	-2.452006e-04
59.8500	-3.247614e-04
59.9000	-1.510839e-04
59.9500	2.106431e-04
