# time (ps)	E field (a.u.)
0.0000	-1.799677e-04
0.0500	-5.490301e-05
0.1000	6.489696e-05
0.1500	-1.433754e-04
0.2000	-2.872384e-04
0.2500	8.165436e-05
0.3000	-3.052473e-05
0.3500	-5.770884e-05
0.4000	5.955436e-05
0.4500	-1.877712e-04
0.5000	-1.610912e-04
0.5500	-2.488895e-04
0.6000	2.365644e-04
0.6500	8.793238e-05
0.7000	-2.312066e-04
0.7500	1.925443e-05
0.8000	1.512213e-04
0.8500	5.434187e-04
0.9000	-3.368156e-04
0.9500	-1.238481e-04
1.0000	9.241044e-05
1.0500	5.783714e-05
1.1000	8.725604e-06
1.1500	3.708999e-04
1.2000	1.623336e-04
1.2500	-1.170535e-04
1.3000	-1.601976e-04
1.3500	5.074482e-05
1.4000	2.349431e-04
1.4500	6.543263e-04
1.5000	2.244499e-04
1.5500	-1.641367e-04
1.6000	1.351623e-05
1.6500	-5.691805e-04
1.7000	-3.307816e-04
1.7500	3.209430e-04
1.8000	-9.355863e-05
1.8500	-9.571886e-05
1.9000	9.314801e-05
1.9500	-3.042633e-04
2.0000	-5.995463e-04
2.0500	1.506445e-04
2.1000	-2.783532e-05
2.1500	-1.585035e-04
2.2000	-2.804229e-05
2.2500	1.700216e-04
2.3000	1.767262e-04
2.3500	-4.915740e-05
2.4000	-2.272004e-04
2.4500	-1.333942e-04
2.5000	-1.027656e-05
2.5500	-2.898064e-04
2.6000	2.760924e-04
2.6500	3.168208e-05
2.7000	-9.331583e-06
2.7500	1.976415e-04
2.8000	5.747961e-04
2.8500	2.868036e-05
2.9000	4.372912e-04
2.9500	1.561956e-04
3.0000	4.738669e-04
3.0500	8.011357e-05
3.1000	-3.152585e-04
3.1500	-2.069539e-04
3.2000	-2.212750e-04
3.2500	1.278428e-04
3.3000	-7.336211e-05
3.3500	4.625011e-04
3.4000	-1.962555e-04
3.4500	1.624562e-04
3.5000	-1.317475e-04
3.5500	-2.072438e-05
3.6000	-2.086144e-05
3.6500	2.002015e-05
3.7000	5.644869e-04
3.7500	-1.077600e-04
3.8000	-1.374465e-05
3.8500	6.254917e-05
3.9000	-1.064658e-04
3.9500	-1.064813e-04
4.0000	4.726269e-04
4.0500	-2.014163e-04
4.1000	-1.524822e-04
4.1500	1.243640e-04
4.2000	-3.761050e-04
4.2500	-2.915133e-04
4.3000	1.794148e-04
4.3500	1.962982e-04
4.4000	1.788000e-04
4.4500	-4.224154e-05
4.5000	2.461203e-05
4.5500	-1.153362e-04
4.6000	3.802824e-04
4.6500	1.219408e-04
4.7000	1.302187e-04
4.7500	-4.288264e-04
4.8000	2.122225e-04
4.8500	2.651748e-04
4.9000	2.681685e-04
4.9500	9.756791e-05
5.0000	1.682883e-05
5.0500	-9.410952e-05
5.1000	1.471641e-04
5.1500	3.061164e-04
5.2000	6.704972e-05
5.2500	-4.973820e-04
5.3000	2.396279e-04
5.3500	-1.918224e-04
5.4000	1.442337e-04
5.4500	1.034579e-04
5.5000	6.292663e-04
5.5500	8.796079e-04
5.6000	5.360599e-04
5.6500	7.568508e-04
5.7000	6.404502e-04
5.7500	1.326549e-03
5.8000	9.766652e-04
5.8500	6.668154e-04
5.9000	6.229644e-04
5.9500	5.725577e-04
6.0000	4.660320e-04
6.0500	-2.530847e-05
6.1000	-3.063931e-04
6.1500	-1.010227e-03
6.2000	-7.385739e-04
6.2500	-6.505085e-04
6.3000	-6.887299e-04
6.3500	-8.978427e-04
6.4000	-7.466795e-04
6.4500	-3.248874e-04
6.5000	-5.610758e-04
6.5500	-1.942680e-04
6.6000	-7.947142e-04
6.6500	-4.816475e-04
6.7000	-4.364559e-04
6.7500	-5.195064e-04
6.8000	-3.756731e-04
6.8500	4.042491e-04
6.9000	1.397172e-04
6.9500	-1.343470e-04
7.0000	2.737936e-04
7.0500	1.672744e-04
7.1000	-9.596835e-05
7.1500	-4.769747e-05
7.2000	-7.762491e-05
7.2500	2.693251e-04
7.3000	-3.725369e-04
7.3500	3.424110e-04
7.4000	-6.269903e-05
7.4500	2.838039e-05
7.5000	-2.038559e-04
7.5500	1.046548e-04
7.6000	-8.266203e-05
7.6500	2.562108e-04
7.7000	-8.250310e-06
7.7500	5.378816e-04
7.8000	3.578958e-04
7.8500	4.417990e-05
7.9000	4.082229e-04
7.9500	4.990216e-04
8.0000	1.054385e-03
8.0500	2.181062e-03
8.1000	3.029352e-03
8.1500	5.025681e-03
8.2000	9.327595e-03
8.2500	1.695983e-02
8.3000	2.824464e-02
8.3500	4.543384e-02
8.4000	7.093550e-02
8.4500	1.060336e-01
8.5000	1.513319e-01
8.5500	2.042492e-01
8.6000	2.646969e-01
8.6500	3.243218e-01
8.7000	3.761647e-01
8.7500	4.098084e-01
8.8000	4.155085e-01
8.8500	3.873665e-01
8.9000	3.216423e-01
8.9500	2.220595e-01
9.0000	9.810892e-02
9.0500	-3.823677e-02
9.1000	-1.697662e-01
9.1500	-2.818800e-01
9.2000	-3.632760e-01
9.2500	-4.077327e-01
9.3000	-4.160371e-01
9.3500	-3.936261e-01
9.4000	-3.492443e-01
9.4500	-2.910190e-01
9.5000	-2.310984e-01
9.5500	-1.740962e-01
9.6000	-1.247833e-01
9.6500	-8.533242e-02
9.7000	-5.571829e-02
9.7500	-3.512474e-02
9.8000	-2.147685e-02
9.8500	-1.232492e-02
9.9000	-6.476892e-03
9.9500	-4.064733e-03
10.0000	-1.829964e-03
10.0500	-1.009235e-03
10.1000	-4.086228e-04
10.1500	-1.078250e-03
10.2000	1.494052e-04
10.2500	-2.114287e-04
10.3000	-4.965268e-04
10.3500	-1.755182e-04
10.4000	5.178498e-04
10.4500	-3.808776e-04
10.5000	-5.410965e-04
10.5500	1.922403e-04
10.6000	-1.916231e-04
10.6500	-1.188677e-04
10.7000	-3.493593e-05
10.7500	-6.035591e-05
10.8000	-1.899323e-04
10.8500	-6.017448e-05
10.9000	-5.729647e-05
10.9500	2.124935e-04
11.0000	-3.097279e-04
11.0500	-2.015923e-04
11.1000	-2.613509e-05
11.1500	6.122719e-05
11.2000	-1.541718e-05
11.2500	1.398506e-04
11.3000	4.187009e-05
11.3500	3.500792e-04
11.4000	6.916351e-05
11.4500	1.249750e-04
11.5000	-3.555403e-04
11.5500	-7.071700e-05
11.6000	-2.474121e-04
11.6500	-3.478560e-04
11.7000	-4.098663e-05
11.7500	-1.786727e-04
11.8000	9.651916e-05
11.8500	-6.327046e-04
11.9000	-2.830895e-04
11.9500	-3.812317e-04
12.0000	4.408029e-05
12.0500	-2.685543e-04
12.1000	-3.620853e-05
12.1500	1.450570e-04
12.2000	1.987434e-04
12.2500	-1.709045e-05
12.3000	5.505157e-06
12.3500	-5.627656e-05
12.4000	9.652403e-05
12.4500	2.336350e-04
12.5000	-1.780422e-04
12.5500	-3.010867e-04
12.6000	2.680488e-05
12.6500	1.874863e-04
12.7000	-6.425601e-04
12.7500	-1.238474e-04
12.8000	5.626390e-04
12.8500	7.601303e-05
12.9000	-1.422536e-05
12.9500	2.325930e-04
13.0000	3.330196e-04
13.0500	-1.818322e-04
13.1000	-2.514922e-04
13.1500	1.352883e-04
13.2000	2.033220e-04
13.2500	5.986012e-05
13.3000	-5.792529e-04
13.3500	4.363561e-05
13.4000	4.348296e-05
13.4500	-2.071467e-04
13.5000	8.231553e-05
13.5500	2.000154e-04
13.6000	4.763883e-05
13.6500	-2.489732e-04
13.7000	-4.132330e-04
13.7500	-1.280269e-04
13.8000	-3.220104e-04
13.8500	2.138402e-04
13.9000	-1.538496e-04
13.9500	-2.821886e-04
14.0000	-4.026266e-04
14.0500	5.833114e-04
14.1000	6.379207e-05
14.1500	-6.802389e-05
14.2000	3.893496e-05
14.2500	-7.460104e-05
14.3000	7.697567e-05
14.3500	3.378691e-05
14.4000	1.378250e-04
14.4500	-2.949245e-04
14.5000	-2.145419e-04
14.5500	-2.442646e-04
14.6000	1.321904e-04
14.6500	-2.374706e-04
14.7000	-4.737377e-04
14.7500	-1.504545e-04
14.8000	-3.220294e-04
14.8500	2.558766e-05
14.9000	-2.720854e-04
14.9500	8.815618e-05
15.0000	4.357537e-05
15.0500	2.759100e-04
15.1000	5.124273e-04
15.1500	5.792359e-04
15.2000	2.313982e-04
15.2500	-3.611464e-04
15.3000	-2.570558e-04
15.3500	-9.109981e-05
15.4000	4.904611e-04
15.4500	-5.293626e-05
15.5000	2.372887e-04
15.5500	1.252261e-05
15.6000	1.515595e-04
15.6500	3.765309e-05
15.7000	-2.858366e-04
15.7500	2.708218e-04
15.8000	1.624284e-04
15.8500	-1.410485e-04
15.9000	3.081153e-04
15.9500	1.726239e-04
16.0000	-4.461383e-05
16.0500	-2.851316e-05
16.1000	-4.481503e-05
16.1500	-1.992582e-04
16.2000	-7.442769e-05
16.2500	1.578929e-04
16.3000	-2.710093e-04
16.3500	-2.484891e-04
16.4000	-2.669414e-04
16.4500	-2.138964e-04
16.5000	9.996435e-05
16.5500	-2.374917e-04
16.6000	-8.554446e-05
16.6500	2.191934e-04
16.7000	1.122940e-04
16.7500	-2.851060e-05
16.8000	2.832688e-05
16.8500	-1.180583e-04
16.9000	4.408409e-04
16.9500	1.291341e-04
17.0000	1.733881e-05
17.0500	4.064415e-04
17.1000	9.741218e-05
17.1500	2.709775e-04
17.2000	2.658273e-05
17.2500	2.149847e-04
17.3000	-3.890955e-05
17.3500	2.071921e-04
17.4000	1.468149e-04
17.4500	1.149906e-04
17.5000	-4.850505e-04
17.5500	1.137958e-04
17.6000	-2.056946e-04
17.6500	-6.336233e-05
17.7000	4.060276e-04
17.7500	-6.931077e-04
17.8000	8.967446e-06
17.8500	2.009554e-04
17.9000	-3.356673e-04
17.9500	-1.012280e-04
18.0000	3.111055e-04
18.0500	-1.106079e-04
18.1000	-4.249734e-04
18.1500	-6.400121e-05
18.2000	5.293584e-04
18.2500	-6.767780e-06
18.3000	-1.709263e-04
18.3500	-8.582482e-05
18.4000	-3.462187e-04
18.4500	-1.789166e-04
18.5000	-1.087322e-05
18.5500	-5.760049e-04
18.6000	2.102527e-04
18.6500	3.488490e-04
18.7000	9.088530e-05
18.7500	-2.238867e-05
18.8000	2.970213e-04
18.8500	-3.575123e-04
18.9000	-1.866692e-07
18.9500	-2.428452e-05
19.0000	-5.461553e-05
19.0500	8.131703e-05
19.1000	9.950183e-05
19.1500	1.535815e-04
19.2000	2.814957e-04
19.2500	2.606736e-04
19.3000	3.130841e-05
19.3500	4.237600e-04
19.4000	6.193101e-04
19.4500	6.211890e-04
19.5000	1.082744e-03
19.5500	1.739500e-03
19.6000	3.123405e-03
19.6500	4.826373e-03
19.7000	8.042127e-03
19.7500	1.382631e-02
19.8000	2.059289e-02
19.8500	3.001572e-02
19.9000	4.285857e-02
19.9500	5.816700e-02
20.0000	7.531430e-02
20.0500	9.241797e-02
20.1000	1.073407e-01
20.1500	1.176682e-01
20.2000	1.206026e-01
20.2500	1.137239e-01
20.3000	9.587269e-02
20.3500	6.905929e-02
20.4000	3.426100e-02
20.4500	-4.613422e-03
20.5000	-4.297242e-02
20.5500	-7.627104e-02
20.6000	-1.014310e-01
20.6500	-1.167441e-01
20.7000	-1.213730e-01
20.7500	-1.157651e-01
20.8000	-1.045143e-01
20.8500	-8.793838e-02
20.9000	-7.059808e-02
20.9500	-5.471871e-02
21.0000	-3.978859e-02
21.0500	-2.783300e-02
21.1000	-1.835452e-02
21.1500	-1.243771e-02
21.2000	-7.243771e-03
21.2500	-4.384058e-03
21.3000	-2.473544e-03
21.3500	-1.839926e-03
21.4000	-8.592437e-04
21.4500	-4.816982e-04
21.5000	-5.501852e-04
21.5500	-1.073117e-04
21.6000	-3.621999e-04
21.6500	5.524428e-05
21.7000	-2.004610e-04
21.7500	-2.156121e-05
21.8000	1.336855e-04
21.8500	-2.467280e-04
21.9000	-5.510962e-04
21.9500	-9.065749e-05
22.0000	-3.956675e-04
22.0500	-5.142907e-05
22.1000	-3.085941e-05
22.1500	-1.477670e-04
22.2000	1.862730e-04
22.2500	-2.341365e-04
22.3000	1.926422e-04
22.3500	-1.308014e-04
22.4000	9.274642e-05
22.4500	5.352985e-04
22.5000	2.423290e-04
22.5500	5.105585e-04
22.6000	-4.254714e-04
22.6500	-2.391921e-04
22.7000	-2.276854e-04
22.7500	-5.171990e-04
22.8000	-3.250297e-04
22.8500	8.596038e-05
22.9000	2.237367e-04
22.9500	1.254529e-04
23.0000	9.426020e-05
23.0500	-5.072285e-05
23.1000	-4.090128e-05
23.1500	2.620363e-05
23.2000	1.432333e-04
23.2500	-1.312470e-04
23.3000	5.957037e-05
23.3500	-1.065938e-04
23.4000	-2.017809e-04
23.4500	-2.084041e-04
23.5000	-2.317024e-04
23.5500	4.340692e-04
23.6000	-5.006875e-06
23.6500	1.271307e-04
23.7000	3.022259e-04
23.7500	2.931149e-05
23.8000	-2.856131e-04
23.8500	1.829502e-05
23.9000	-2.961037e-04
23.9500	3.885202e-05
24.0000	2.376423e-04
24.0500	-4.837978e-05
24.1000	4.788847e-05
24.1500	1.390718e-04
24.2000	5.932859e-04
24.2500	-3.638941e-04
24.3000	1.680144e-04
24.3500	2.202696e-04
24.4000	3.949163e-04
24.4500	-3.839004e-04
24.5000	-3.523733e-04
24.5500	-2.375684e-04
24.6000	-4.664590e-05
24.6500	-1.529277e-06
24.7000	-2.901280e-05
24.7500	-2.745157e-04
24.8000	-1.204765e-04
24.8500	-3.482415e-04
24.9000	-1.974165e-04
24.9500	1.474030e-04
25.0000	-1.790643e-04
25.0500	-4.413976e-04
25.1000	-3.242692e-04
25.1500	-1.720359e-04
25.2000	4.336829e-04
25.2500	4.955347e-04
25.3000	-3.848371e-05
25.3500	2.397160e-04
25.4000	2.214429e-04
25.4500	3.465977e-04
25.5000	1.551381e-04
25.5500	-1.642562e-04
25.6000	-8.139878e-05
25.6500	-1.714744e-04
25.7000	1.207593e-05
25.7500	9.336995e-05
25.8000	-3.878703e-04
25.8500	7.124561e-05
25.9000	-1.230623e-05
25.9500	1.002911e-04
26.0000	1.049642e-04
26.0500	6.224658e-05
26.1000	-2.053024e-04
26.1500	1.217275e-04
26.2000	3.541225e-04
26.2500	-2.561372e-05
26.3000	-2.530346e-05
26.3500	2.591056e-04
26.4000	4.995513e-05
26.4500	-9.735804e-05
26.5000	2.312435e-04
26.5500	1.899462e-04
26.6000	-7.447153e-05
26.6500	1.975442e-04
26.7000	1.170619e-04
26.7500	-2.522561e-04
26.8000	-1.122877e-04
26.8500	3.879157e-05
26.9000	-4.439812e-05
26.9500	8.760707e-05
27.0000	2.384902e-04
27.0500	2.788404e-04
27.1000	-1.051567e-04
27.1500	5.244986e-05
27.2000	4.060430e-04
27.2500	-2.537069e-04
27.3000	-4.430979e-05
27.3500	-2.053591e-04
27.4000	-9.778093e-05
27.4500	-2.322481e-04
27.5000	5.743277e-05
27.5500	-1.702751e-04
27.6000	-1.932963e-04
27.6500	6.658042e-05
27.7000	-6.152380e-05
27.7500	1.364941e-04
27.8000	-7.791342e-05
27.8500	9.114268e-05
27.9000	4.824230e-05
27.9500	1.348405e-05
28.0000	-4.235169e-04
28.0500	1.087579e-04
28.1000	4.672373e-05
28.1500	4.567092e-04
28.2000	2.560558e-04
28.2500	6.354648e-05
28.3000	-2.854412e-04
28.3500	5.058071e-04
28.4000	-6.550205e-05
28.4500	1.360555e-04
28.5000	-1.343684e-04
28.5500	3.257220e-04
28.6000	1.281709e-04
28.6500	4.892779e-04
28.7000	2.996107e-04
28.7500	-3.057849e-05
28.8000	-4.979941e-05
28.8500	3.471928e-04
28.9000	-3.521484e-04
28.9500	-6.148996e-05
29.0000	8.855088e-06
29.0500	4.196149e-04
29.1000	1.851372e-04
29.1500	-1.236440e-05
29.2000	-2.711216e-04
29.2500	1.786336e-04
29.3000	9.984669e-06
29.3500	6.962708e-05
29.4000	2.470044e-04
29.4500	8.540858e-06
29.5000	4.023205e-05
29.5500	-3.363547e-04
29.6000	-1.507481e-04
29.6500	-1.009943e-04
29.7000	-1.729019e-04
29.7500	-2.843174e-04
29.8000	8.750509e-05
29.8500	1.816899e-04
29.9000	1.540065e-04
29.9500	-5.038510e-05
30.0000	-6.587007e-05
30.0500	2.366062e-04
30.1000	2.590465e-04
30.1500	-2.356459e-04
30.2000	2.546684e-04
30.2500	1.701276e-04
30.3000	-9.801851e-05
30.3500	7.549751e-05
30.4000	-1.339080e-05
30.4500	-7.295890e-06
30.5000	-3.206446e-04
30.5500	1.079002e-04
30.6000	3.857044e-04
30.6500	3.176550e-04
30.7000	-1.669124e-04
30.7500	3.197035e-04
30.8000	1.377106e-04
30.8500	5.890492e-04
30.9000	3.072934e-04
30.9500	9.572680e-04
31.0000	8.613855e-04
31.0500	1.893718e-03
31.1000	2.759386e-03
31.1500	4.330231e-03
31.2000	5.934371e-03
31.2500	8.340552e-03
31.3000	1.261873e-02
31.3500	1.666679e-02
31.4000	2.123001e-02
31.4500	2.668552e-02
31.5000	3.096599e-02
31.5500	3.345324e-02
31.6000	3.487860e-02
31.6500	3.315394e-02
31.7000	2.866311e-02
31.7500	2.153836e-02
31.8000	1.157682e-02
31.8500	5.467909e-04
31.9000	-1.047662e-02
31.9500	-2.052107e-02
32.0000	-2.832917e-02
32.0500	-3.320268e-02
32.1000	-3.485067e-02
32.1500	-3.426378e-02
32.2000	-3.094481e-02
32.2500	-2.691581e-02
32.3000	-2.170824e-02
32.3500	-1.724602e-02
32.4000	-1.211874e-02
32.4500	-9.020179e-03
32.5000	-6.550959e-03
32.5500	-3.903254e-03
32.6000	-2.536571e-03
32.6500	-1.204236e-03
32.7000	-7.645823e-04
32.7500	-9.021666e-04
32.8000	-6.475691e-04
32.8500	-5.138806e-04
32.9000	-4.525009e-05
32.9500	-1.066145e-04
33.0000	3.182827e-05
33.0500	-2.109010e-04
33.1000	9.286923e-05
33.1500	5.088248e-04
33.2000	-2.737783e-05
33.2500	-4.812523e-05
33.3000	3.206094e-05
33.3500	-4.097266e-04
33.4000	-3.569173e-04
33.4500	-2.418780e-04
33.5000	-1.138865e-04
33.5500	-4.727711e-04
33.6000	-1.767972e-04
33.6500	-3.223616e-06
33.7000	-4.704943e-04
33.7500	-1.682288e-04
33.8000	-3.631741e-04
33.8500	3.398081e-04
33.9000	6.382589e-04
33.9500	1.709404e-04
34.0000	1.309852e-04
34.0500	5.165145e-05
34.1000	3.035693e-04
34.1500	8.827752e-05
34.2000	-1.919997e-04
34.2500	1.707722e-04
34.3000	1.272987e-04
34.3500	-1.431970e-04
34.4000	1.255077e-04
34.4500	-2.529192e-04
34.5000	-1.664056e-04
34.5500	1.284728e-04
34.6000	-2.871354e-04
34.6500	-9.265388e-05
34.7000	-4.211957e-04
34.7500	3.444019e-04
34.8000	4.720853e-04
34.8500	-1.841376e-04
34.9000	2.285180e-04
34.9500	2.377022e-04
35.0000	-8.706821e-05
35.0500	2.792674e-04
35.1000	3.182623e-04
35.1500	1.519635e-04
35.2000	1.414507e-04
35.2500	-2.461257e-04
35.3000	-1.394408e-04
35.3500	1.140763e-04
35.4000	4.766718e-04
35.4500	1.370848e-04
35.5000	-1.650649e-04
35.5500	-2.804363e-05
35.6000	7.133648e-05
35.6500	-2.382033e-04
35.7000	-4.589361e-04
35.7500	3.956225e-04
35.8000	-1.745811e-04
35.8500	-3.080233e-04
35.9000	5.859006e-05
35.9500	-2.497569e-04
36.0000	1.214520e-04
36.0500	-1.596653e-05
36.1000	1.381499e-04
36.1500	1.708677e-04
36.2000	4.043257e-04
36.2500	-2.465557e-04
36.3000	-2.614973e-04
36.3500	-2.267230e-04
36.4000	-4.494785e-04
36.4500	1.139139e-04
36.5000	1.537750e-04
36.5500	-2.993820e-04
36.6000	1.742248e-04
36.6500	1.420270e-04
36.7000	-2.940617e-04
36.7500	6.264313e-05
36.8000	1.589191e-04
36.8500	-2.751594e-05
36.9000	-8.641088e-05
36.9500	-2.446776e-04
37.0000	-2.550430e-04
37.0500	-1.139944e-04
37.1000	-2.591830e-04
37.1500	4.350921e-05
37.2000	-1.137997e-04
37.2500	-2.861927e-04
37.3000	4.820681e-05
37.3500	7.767874e-04
37.4000	-7.760992e-05
37.4500	3.243385e-04
37.5000	-1.271684e-04
37.5500	-8.518440e-05
37.6000	-8.486012e-05
37.6500	2.799693e-05
37.7000	-1.565246e-04
37.7500	3.227346e-04
37.8000	3.485286e-04
37.8500	1.261932e-04
37.9000	2.456947e-04
37.9500	-2.054400e-04
38.0000	3.204019e-05
38.0500	2.428787e-04
38.1000	-3.258999e-05
38.1500	-2.312091e-04
38.2000	2.336802e-04
38.2500	2.092999e-05
38.3000	1.784018e-04
38.3500	-2.391501e-04
38.4000	5.129987e-04
38.4500	-1.407232e-04
38.5000	-4.539894e-04
38.5500	-6.423065e-05
38.6000	3.742988e-04
38.6500	3.158014e-05
38.7000	3.500472e-04
38.7500	1.917119e-05
38.8000	2.574093e-05
38.8500	-4.299293e-04
38.9000	3.845134e-05
38.9500	-6.829468e-05
39.0000	-3.337612e-05
39.0500	-7.343542e-05
39.1000	-3.367739e-04
39.1500	-7.140939e-04
39.2000	6.576285e-06
39.2500	3.859862e-05
39.3000	-6.073944e-05
39.3500	-1.692442e-04
39.4000	-2.147295e-04
39.4500	-1.655309e-04
39.5000	5.582760e-04
39.5500	5.823145e-05
39.6000	2.365765e-04
39.6500	-2.153031e-05
39.7000	-4.939105e-06
39.7500	-1.924755e-04
39.8000	6.746692e-05
39.8500	-6.653865e-05
39.9000	1.981518e-04
39.9500	3.712745e-05
40.0000	1.057460e-04
40.0500	3.216949e-04
40.1000	3.580109e-05
40.1500	-5.614620e-05
40.2000	3.343627e-04
40.2500	-1.318187e-04
40.3000	-3.553106e-04
40.3500	-4.000897e-04
40.4000	-3.613382e-04
40.4500	4.143316e-04
40.5000	-7.371500e-05
40.5500	8.224477e-06
40.6000	3.293181e-04
40.6500	1.776302e-04
40.7000	1.918866e-04
40.7500	-2.832578e-04
40.8000	3.040118e-04
40.8500	5.468903e-04
40.9000	-4.660987e-05
40.9500	1.494786e-05
41.0000	-2.536147e-04
41.0500	1.360731e-05
41.1000	-4.065872e-05
41.1500	1.553897e-04
41.2000	-2.611227e-04
41.2500	-1.178459e-04
41.3000	9.889379e-05
41.3500	2.289576e-04
41.4000	1.976849e-04
41.4500	6.432272e-05
41.5000	-1.752993e-04
41.5500	-3.703923e-05
41.6000	4.319359e-04
41.6500	2.550159e-04
41.7000	-4.796845e-05
41.7500	7.843052e-05
41.8000	-1.466596e-05
41.8500	-4.625506e-04
41.9000	5.984246e-05
41.9500	-2.243245e-04
42.0000	-7.741579e-05
42.0500	-1.174005e-04
42.1000	-3.899813e-05
42.1500	1.374215e-05
42.2000	-3.981025e-04
42.2500	2.044111e-04
42.3000	2.996711e-04
42.3500	3.309448e-04
42.4000	7.498569e-04
42.4500	4.661377e-04
42.5000	9.192641e-04
42.5500	1.625181e-03
42.6000	1.915956e-03
42.6500	1.988974e-03
42.7000	3.459698e-03
42.7500	4.621341e-03
42.8000	5.884087e-03
42.8500	7.293650e-03
42.9000	8.374431e-03
42.9500	9.824435e-03
43.0000	9.987547e-03
43.0500	9.655605e-03
43.1000	8.734618e-03
43.1500	6.564085e-03
43.2000	3.818726e-03
43.2500	7.450576e-04
43.3000	-2.735632e-03
43.3500	-5.688308e-03
43.4000	-7.719320e-03
43.4500	-9.762140e-03
43.5000	-1.001585e-02
43.5500	-1.021843e-02
43.6000	-9.434827e-03
43.6500	-8.013594e-03
43.7000	-6.304686e-03
43.7500	-5.260494e-03
43.8000	-4.026606e-03
43.8500	-2.962856e-03
43.9000	-1.962530e-03
43.9500	-1.318416e-03
44.0000	-8.583906e-04
44.0500	-3.863355e-04
44.1000	-4.414533e-04
44.1500	-7.900812e-04
44.2000	-5.070873e-04
44.2500	-1.273977e-04
44.3000	-2.985659e-04
44.3500	3.139696e-04
44.4000	-2.993715e-04
44.4500	2.478954e-04
44.5000	1.086761e-04
44.5500	-1.888037e-05
44.6000	-1.158272e-04
44.6500	-3.524305e-04
44.7000	3.693148e-04
44.7500	-1.023481e-04
44.8000	-1.363824e-04
44.8500	-1.161067e-04
44.9000	2.177608e-04
44.9500	-6.491304e-05
45.0000	2.037773e-04
45.0500	1.182027e-04
45.1000	5.319939e-05
45.1500	-1.406567e-04
45.2000	-1.395479e-04
45.2500	-3.233953e-04
45.3000	-4.634655e-05
45.3500	-2.170053e-04
45.4000	5.785592e-04
45.4500	2.574067e-04
45.5000	3.253828e-04
45.5500	-1.256941e-04
45.6000	2.972029e-04
45.6500	-2.241122e-04
45.7000	4.884912e-07
45.7500	-2.023299e-04
45.8000	-3.660527e-04
45.8500	-2.309337e-06
45.9000	-1.079477e-04
45.9500	4.636914e-04
46.0000	9.016160e-05
46.0500	1.530036e-04
46.1000	1.940379e-04
46.1500	-5.555776e-05
46.2000	3.824672e-05
46.2500	-2.439781e-04
46.3000	9.645755e-05
46.3500	-4.158718e-05
46.4000	4.770984e-05
46.4500	-3.404618e-04
46.5000	-5.344855e-04
46.5500	5.398599e-05
46.6000	-1.702305e-04
46.6500	1.996902e-04
46.7000	3.782707e-05
46.7500	-2.054367e-04
46.8000	-1.015691e-04
46.8500	3.072245e-05
46.9000	9.766400e-05
46.9500	-4.747731e-05
47.0000	3.521739e-05
47.0500	4.135218e-04
47.1000	-8.603589e-05
47.1500	-2.784912e-04
47.2000	-2.546477e-06
47.2500	2.085329e-04
47.3000	1.752726e-04
47.3500	1.566441e-04
47.4000	2.193930e-04
47.4500	-2.043671e-04
47.5000	1.193507e-04
47.5500	2.390337e-04
47.6000	-2.830608e-04
47.6500	3.828853e-05
47.7000	9.523868e-05
47.7500	-2.354464e-04
47.8000	3.415101e-05
47.8500	-2.009294e-05
47.9000	3.109467e-04
47.9500	3.190757e-04
48.0000	-5.573718e-05
48.0500	-1.211837e-04
48.1000	-1.947503e-04
48.1500	-2.099729e-05
48.2000	-3.120450e-05
48.2500	2.992059e-05
48.3000	3.058767e-04
48.3500	-1.290574e-06
48.4000	-3.886274e-04
48.4500	-1.147554e-04
48.5000	7.856773e-05
48.5500	-2.176774e-04
48.6000	3.763970e-04
48.6500	5.144193e-05
48.7000	5.166231e-05
48.7500	-3.115321e-05
48.8000	-2.341875e-04
48.8500	1.325596e-05
48.9000	-3.163333e-05
48.9500	-4.320825e-06
49.0000	-1.839794e-04
49.0500	-6.859793e-06
49.1000	1.929301e-04
49.1500	-4.414223e-04
49.2000	2.078616e-04
49.2500	1.113065e-04
49.3000	6.997344e-06
49.3500	5.611519e-05
49.4000	-4.600603e-04
49.4500	-1.756221e-05
49.5000	-3.337487e-04
49.5500	-5.492628e-05
49.6000	2.868390e-04
49.6500	9.308707e-06
49.7000	-2.785593e-04
49.7500	-2.017491e-04
49.8000	3.260195e-04
49.8500	-9.497056e-05
49.9000	2.284115e-04
49.9500	-6.821045e-05
50.0000	-5.041509e-05
50.0500	1.002893e-04
50.1000	3.148877e-04
50.1500	-3.827376e-05
50.2000	-5.722705e-04
50.2500	1.612726e-04
50.3000	1.066377e-04
50.3500	-9.712055e-06
50.4000	-3.692675e-04
50.4500	-6.605080e-07
50.5000	-6.596763e-04
50.5500	-3.528117e-04
50.6000	1.398514e-04
50.6500	-5.010930e-04
50.7000	-4.430534e-04
50.7500	-2.846092e-04
50.8000	1.522528e-04
50.8500	2.698007e-04
50.9000	3.363186e-05
50.9500	1.686765e-04
51.0000	4.300436e-06
51.0500	2.610014e-04
51.1000	-1.432071e-05
51.1500	-2.926055e-04
51.2000	2.262526e-04
51.2500	2.778045e-04
51.3000	6.158469e-04
51.3500	2.887176e-04
51.4000	-3.409800e-04
51.4500	-8.342526e-05
51.5000	3.140455e-05
51.5500	-2.602682e-04
51.6000	-3.686156e-04
51.6500	-5.053426e-05
51.7000	-1.594481e-04
51.7500	8.371715e-05
51.8000	-6.637100e-06
51.8500	2.866105e-04
51.9000	5.144272e-04
51.9500	2.992476e-05
52.0000	-7.449235e-05
52.0500	-3.575435e-04
52.1000	-1.407343e-04
52.1500	-7.425734e-05
52.2000	-6.786986e-05
52.2500	-3.828482e-05
52.3000	-3.451734e-04
52.3500	1.724293e-04
52.4000	-1.589171e-05
52.4500	1.814898e-04
52.5000	-1.591280e-04
52.5500	-3.287181e-05
52.6000	-1.550472e-04
52.6500	-3.969952e-04
52.7000	-1.073998e-04
52.7500	2.668521e-04
52.8000	1.151257e-04
52.8500	-2.335650e-04
52.9000	1.645707e-04
52.9500	2.331950e-04
53.0000	-1.202504e-04
53.0500	-1.667174e-04
53.1000	-6.969533e-05
53.1500	4.640093e-05
53.2000	-4.310241e-05
53.2500	1.703185e-04
53.3000	1.388672e-04
53.3500	3.442329e-04
53.4000	1.359289e-04
53.4500	1.205122e-04
53.5000	1.989640e-04
53.5500	6.199032e-05
53.6000	-2.335125e-05
53.6500	2.007486e-04
53.7000	-5.079486e-04
53.7500	1.191140e-04
53.8000	-3.808763e-04
53.8500	-1.680525e-04
53.9000	4.664394e-04
53.9500	1.114638e-04
54.0000	1.266091e-04
54.0500	9.678481e-04
54.1000	1.363520e-03
54.1500	1.424331e-03
54.2000	1.961902e-03
54.2500	1.530248e-03
54.3000	2.733599e-03
54.3500	3.214340e-03
54.4000	2.815339e-03
54.4500	2.933926e-03
54.5000	2.870016e-03
54.5500	2.121376e-03
54.6000	1.204235e-03
54.6500	2.871394e-04
54.7000	-6.467896e-04
54.7500	-1.724790e-03
54.8000	-1.990240e-03
54.8500	-2.526771e-03
54.9000	-2.670638e-03
54.9500	-3.109839e-03
55.0000	-2.548880e-03
55.0500	-2.346731e-03
55.1000	-2.050894e-03
55.1500	-1.880564e-03
55.2000	-1.550604e-03
55.2500	-9.396568e-04
55.3000	-7.828346e-04
55.3500	-3.585318e-04
55.4000	-4.336973e-05
55.4500	-7.234703e-05
55.5000	-1.941157e-04
55.5500	-3.427069e-04
55.6000	-8.442960e-05
55.6500	3.432868e-05
55.7000	-7.000479e-05
55.7500	-4.863016e-05
55.8000	-1.680764e-05
55.8500	2.528520e-05
55.9000	-8.827277e-05
55.9500	2.987604e-04
56.0000	-1.991724e-04
56.0500	-8.646901e-05
56.1000	-5.211862e-04
56.1500	1.915273e-04
56.2000	-4.461322e-04
56.2500	8.639456e-05
56.3000	2.919291e-04
56.3500	1.689491e-04
56.4000	-4.495960e-04
56.4500	2.324384e-04
56.5000	-2.523018e-04
56.5500	-3.077253e-05
56.6000	-1.511289e-04
56.6500	1.026317e-04
56.7000	1.060964e-04
56.7500	1.019962e-05
56.8000	-7.498824e-05
56.8500	-2.501431e-04
56.9000	-3.544399e-05
56.9500	-8.784829e-05
57.0000	-1.178171e-04
57.0500	-1.612191e-04
57.1000	8.993566e-05
57.1500	-2.961370e-04
57.2000	-3.278057e-05
57.2500	-1.443670e-04
57.3000	1.842534e-04
57.3500	1.193016e-04
57.4000	-1.815408e-05
57.4500	-3.133594e-04
57.5000	-5.446555e-05
57.5500	4.314329e-04
57.6000	9.080020e-05
57.6500	1.927989e-05
57.7000	-1.448828e-04
57.7500	-1.304297e-05
57.8000	-1.536196e-04
57.8500	1.573286e-04
57.9000	-3.562298e-04
57.9500	2.121480e-04
58.0000	1.792717e-05
58.0500	-1.082851e-04
58.1000	-3.984164e-04
58.1500	-3.533368e-04
58.2000	2.940293e-04
58.2500	-1.297958e-05
58.3000	2.191005e-04
58.3500	3.776641e-04
58.4000	-4.043683e-05
58.4500	3.107341e-04
58.5000	-1.918326e-04
58.5500	-1.351168e-04
58.6000	3.327583e-05
58.6500	-1.831939e-04
58.7000	3.128006e-04
58.7500	-3.372455e-04
58.8000	5.604658e-05
58.8500	-2.609169e-04
58.9000	1.532457e-04
58.9500	-7.095855e-05
59.0000	-1.532932e-04
59.0500	-3.244930e-04
59.1000	2.556581e-04
59.1500	-3.059619e-04
59.2000	1.334323e-04
59.2500	1.651071e-04
59.3000	-5.429107e-06
59.3500	-2.439503e-05
59.4000	7.378443e-05
59.4500	1.869321e-04
59.5000	9.247623e-05
59.5500	3.768921e-04
59.6000	-3.923592e-05
59.6500	1.585720e-04
59.7000	3.246492e-05
59.7500	8.857469e-05
59.8000	3.205834e-05
59.8500	-2.371717e-04
59.9000	-4.316493e-04
59.9500	8.011249e-05
