# time (ps)	E field (a.u.)
14.0000	2.301987e-05
14.0500	-1.761238e-04
14.1000	3.197822e-04
14.1500	-2.889594e-04
14.2000	2.454060e-04
14.2500	-7.964968e-05
14.3000	3.574494e-04
14.3500	-9.683269e-05
14.4000	1.781669e-04
14.4500	2.609961e-04
14.5000	2.479653e-04
14.5500	3.030387e-05
14.6000	-1.983273e-04
14.6500	-2.065990e-04
14.7000	-3.668946e-04
14.7500	-9.946414e-05
14.8000	6.732392e-05
14.8500	2.519540e-04
14.9000	2.276105e-05
14.9500	3.894256e-04
15.0000	-8.084792e-05
15.0500	2.308582e-04
15.1000	-3.114998e-05
15.1500	-3.168674e-04
15.2000	2.495648e-04
15.2500	3.580451e-05
15.3000	1.916872e-04
15.3500	-1.433762e-04
15.4000	1.256598e-04
15.4500	6.611849e-06
15.5000	-6.056340e-05
15.5500	-1.440119e-04
15.6000	1.516220e-04
15.6500	-7.988772e-05
15.7000	-3.381498e-04
15.7500	2.149325e-04
15.8000	2.100176e-05
15.8500	-1.976584e-05
15.9000	-3.483667e-04
15.9500	-1.985833e-04
16.0000	3.355130e-04
16.0500	-1.374545e-04
16.1000	1.531431e-04
16.1500	-1.980388e-04
16.2000	-8.171416e-05
16.2500	-1.082048e-04
16.3000	-4.772406e-04
16.3500	2.248663e-04
16.4000	-3.697457e-04
16.4500	1.753893e-04
16.5000	1.941443e-04
16.5500	-2.810086e-04
16.6000	-3.337418e-04
16.6500	-5.679458e-04
16.7000	3.719381e-05
16.7500	9.318906e-05
16.8000	2.828759e-04
16.8500	1.184530e-04
16.9000	2.354681e-04
16.9500	2.270722e-04
17.0000	-3.517793e-04
17.0500	5.610161e-05
17.1000	-2.456286e-04
17.1500	-1.786054e-05
17.2000	-1.690852e-04
17.2500	-2.664291e-05
17.3000	2.942128e-04
17.3500	-1.013638e-04
17.4000	-2.384664e-04
17.4500	-2.466684e-04
17.5000	-2.283371e-04
17.5500	1.208288e-04
17.6000	-2.387021e-05
17.6500	-1.655113e-04
17.7000	5.700443e-04
17.7500	2.580278e-04
17.8000	4.893879e-04
17.8500	1.176714e-03
17.9000	2.040204e-03
17.9500	2.972932e-03
18.0000	4.453086e-03
18.0500	7.568757e-03
18.1000	1.074212e-02
18.1500	1.519444e-02
18.2000	1.982531e-02
18.2500	2.550785e-02
18.3000	2.967481e-02
18.3500	3.317093e-02
18.4000	3.373154e-02
18.4500	3.206798e-02
18.5000	2.622578e-02
18.5500	1.794507e-02
18.6000	6.941254e-03
18.6500	-4.287137e-03
18.7000	-1.636259e-02
18.7500	-2.590772e-02
18.8000	-3.198153e-02
18.8500	-3.577452e-02
18.9000	-3.532722e-02
18.9500	-3.210462e-02
19.0000	-2.706608e-02
19.0500	-2.180602e-02
19.1000	-1.570992e-02
19.1500	-1.117920e-02
19.2000	-6.761648e-03
19.2500	-3.714891e-03
19.3000	-1.671498e-03
19.3500	-1.406281e-03
19.4000	-3.505019e-04
19.4500	-9.185465e-06
19.5000	4.036270e-04
19.5500	3.048878e-04
19.6000	5.629635e-04
19.6500	2.238289e-04
19.7000	-2.435740e-04
19.7500	-9.349807e-05
19.8000	-1.706706e-04
19.8500	1.620299e-04
19.9000	-1.316507e-04
19.9500	-2.115571e-04
20.0000	1.735830e-05
20.0500	1.707120e-04
20.1000	7.113930e-04
20.1500	2.531238e-04
20.2000	1.442455e-04
20.2500	-3.996026e-04
20.3000	-7.850764e-05
20.3500	-8.566679e-05
20.4000	1.538541e-04
20.4500	-2.392858e-04
20.5000	2.541053e-04
20.5500	1.562722e-04
20.6000	-6.366714e-05
20.6500	8.233131e-05
20.7000	-1.003215e-04
20.7500	1.291919e-04
20.8000	1.674752e-04
20.8500	-2.229779e-04
20.9000	3.551130e-04
20.9500	-9.299026e-05
21.0000	1.382780e-04
21.0500	2.901779e-05
21.1000	-7.548134e-06
21.1500	2.345808e-04
21.2000	3.233333e-04
21.2500	5.137965e-05
21.3000	1.709193e-04
21.3500	-1.492671e-04
21.4000	3.199626e-04
21.4500	6.022174e-05
21.5000	-3.851759e-04
21.5500	3.313899e-04
21.6000	-2.223466e-05
21.6500	-3.288172e-04
21.7000	-4.313222e-05
21.7500	-7.129409e-05
21.8000	2.603745e-04
21.8500	-1.863823e-04
21.9000	-3.276905e-04
21.9500	-3.348710e-04
22.0000	1.822558e-04
22.0500	2.031151e-05
22.1000	-1.378758e-04
22.1500	-3.537243e-04
22.2000	-1.795059e-04
22.2500	-1.108835e-04
22.3000	-2.580827e-04
22.3500	5.891906e-04
22.4000	4.149492e-04
22.4500	-2.717087e-04
22.5000	1.150767e-04
22.5500	-8.891402e-05
22.6000	-8.586824e-05
22.6500	-9.358111e-05
22.7000	1.326171e-04
22.7500	-9.130472e-06
22.8000	-1.616894e-04
22.8500	8.404718e-05
22.9000	2.853264e-04
22.9500	-1.004494e-04
23.0000	-6.341977e-05
23.0500	-7.603001e-05
23.1000	2.282759e-04
23.1500	-1.149212e-04
23.2000	-5.753880e-05
23.2500	-2.287825e-04
23.3000	1.108588e-04
23.3500	-3.241786e-06
23.4000	-4.154071e-05
23.4500	3.958343e-05
23.5000	5.066291e-04
23.5500	1.725058e-04
23.6000	-4.429831e-04
23.6500	3.369955e-04
23.7000	8.242352e-05
23.7500	-2.797321e-04
23.8000	2.107613e-04
23.8500	1.531310e-04
23.9000	1.572000e-04
23.9500	-2.201659e-04
24.0000	2.235072e-04
24.0500	-1.301411e-05
24.1000	1.210104e-04
24.1500	2.116729e-05
24.2000	-9.489012e-05
24.2500	2.610261e-05
24.3000	8.920740e-05
24.3500	7.988639e-05
24.4000	-5.434774e-04
24.4500	4.257969e-05
24.5000	-3.560129e-06
24.5500	3.228743e-04
24.6000	-2.100937e-04
24.6500	2.269076e-04
24.7000	-1.886377e-04
24.7500	6.391404e-04
24.8000	-1.443453e-04
24.8500	1.957242e-04
24.9000	-1.714476e-04
24.9500	-1.307002e-04
25.0000	2.870210e-04
25.0500	2.171121e-04
25.1000	1.555037e-04
25.1500	-4.251178e-04
25.2000	-1.813614e-04
25.2500	1.364703e-04
25.3000	-1.196932e-04
25.3500	3.917983e-04
25.4000	2.115192e-04
25.4500	-1.251759e-04
25.5000	2.889793e-05
25.5500	6.745594e-05
25.6000	-1.626778e-04
25.6500	-6.392263e-05
25.7000	-5.073188e-05
25.7500	2.231791e-04
25.8000	-1.278243e-04
25.8500	-1.255713e-04
25.9000	6.483074e-05
25.9500	-1.566269e-04
