# time (ps)	E field (a.u.)
0.0000	-1.239567e-04
0.0500	-1.727884e-05
0.1000	-4.712002e-05
0.1500	-1.733844e-04
0.2000	-1.996927e-05
0.2500	-1.106598e-04
0.3000	5.090418e-04
0.3500	-2.195538e-05
0.4000	-1.588251e-04
0.4500	2.027731e-06
0.5000	-2.337270e-04
0.5500	1.320792e-04
0.6000	-4.039054e-04
0.6500	5.621557e-04
0.7000	-1.380159e-04
0.7500	-8.187430e-05
0.8000	-3.766814e-04
0.8500	6.732667e-05
0.9000	-8.576632e-05
0.9500	3.851627e-05
1.0000	-1.471854e-05
1.0500	6.262985e-05
1.1000	-5.035771e-05
1.1500	8.995931e-05
1.2000	4.209182e-04
1.2500	-7.303391e-05
1.3000	-1.211634e-04
1.3500	2.159347e-04
1.4000	2.094991e-05
1.4500	-2.937254e-04
1.5000	7.857276e-05
1.5500	5.450406e-05
1.6000	-1.516939e-04
1.6500	-4.276136e-05
1.7000	-4.691480e-04
1.7500	-2.552805e-04
1.8000	1.439144e-04
1.8500	3.701131e-04
1.9000	-8.376413e-05
1.9500	6.290031e-05
2.0000	-2.319542e-04
2.0500	2.015937e-04
2.1000	-9.169582e-05
2.1500	6.222098e-05
2.2000	-9.433952e-06
2.2500	-1.985265e-04
2.3000	-2.113471e-04
2.3500	-1.314834e-04
2.4000	1.818333e-04
2.4500	6.626613e-04
2.5000	-1.197921e-04
2.5500	-2.668109e-04
2.6000	1.210237e-04
2.6500	-3.835245e-05
2.7000	-2.410595e-04
2.7500	4.335764e-04
2.8000	1.837423e-04
2.8500	2.445732e-04
2.9000	-6.797279e-05
2.9500	1.072514e-04
3.0000	2.753959e-04
3.0500	-3.123872e-04
3.1000	-1.785500e-04
3.1500	-3.503808e-05
3.2000	-2.322116e-04
3.2500	3.014236e-04
3.3000	-1.088156e-04
3.3500	-1.976787e-04
3.4000	4.504060e-05
3.4500	3.410287e-04
3.5000	9.151827e-05
3.5500	-1.973846e-04
3.6000	-2.249342e-04
3.6500	-3.944349e-05
3.7000	-1.276420e-04
3.7500	4.570633e-04
3.8000	1.864236e-04
3.8500	-5.898936e-04
3.9000	-9.308676e-05
3.9500	6.196840e-05
4.0000	3.527430e-04
4.0500	-3.610969e-04
4.1000	-2.331403e-04
4.1500	1.305160e-04
4.2000	2.675645e-05
4.2500	-5.428242e-05
4.3000	6.648822e-05
4.3500	6.384062e-05
4.4000	-2.987184e-04
4.4500	8.311198e-05
4.5000	-2.243685e-04
4.5500	1.337383e-04
4.6000	3.807526e-05
4.6500	1.145694e-05
4.7000	-4.021389e-05
4.7500	-8.192573e-05
4.8000	-1.361445e-04
4.8500	1.444723e-04
4.9000	1.541746e-04
4.9500	-6.678127e-05
5.0000	-5.356653e-05
5.0500	1.821529e-05
5.1000	3.046036e-05
5.1500	-7.415195e-05
5.2000	2.674375e-05
5.2500	4.479515e-04
5.3000	-3.267956e-05
5.3500	8.573320e-06
5.4000	-4.473011e-05
5.4500	-1.270498e-05
5.5000	-9.196844e-05
5.5500	-3.026948e-04
5.6000	4.259154e-05
5.6500	3.236301e-04
5.7000	-2.243072e-04
5.7500	-1.147638e-04
5.8000	-6.654640e-05
5.8500	1.467062e-04
5.9000	2.660510e-04
5.9500	-3.017557e-04
6.0000	1.938966e-04
6.0500	-4.323792e-04
6.1000	-3.648695e-05
6.1500	-1.001023e-04
6.2000	-2.637451e-04
6.2500	1.233625e-04
6.3000	1.392510e-04
6.3500	-4.402865e-05
6.4000	-4.057313e-04
6.4500	3.033206e-04
6.5000	-1.581689e-04
6.5500	3.941932e-04
6.6000	-4.618757e-04
6.6500	1.079672e-05
6.7000	-2.124755e-04
6.7500	-1.646508e-04
6.8000	8.586248e-05
6.8500	3.427193e-04
6.9000	-7.816153e-05
6.9500	1.038458e-04
7.0000	-3.162124e-04
7.0500	8.700790e-05
7.1000	7.597442e-05
7.1500	-2.770995e-04
7.2000	2.491608e-04
7.2500	-2.460752e-04
7.3000	1.472362e-04
7.3500	2.172420e-05
7.4000	1.905298e-04
7.4500	6.079228e-04
7.5000	7.336326e-04
7.5500	1.782671e-03
7.6000	3.557397e-03
7.6500	6.121395e-03
7.7000	1.029150e-02
7.7500	1.680463e-02
7.8000	2.652982e-02
7.8500	3.886236e-02
7.9000	5.509152e-02
7.9500	7.419284e-02
8.0000	9.334128e-02
8.0500	1.118753e-01
8.1000	1.253893e-01
8.1500	1.311356e-01
8.2000	1.262229e-01
8.2500	1.079310e-01
8.3000	7.760038e-02
8.3500	3.686528e-02
8.4000	-8.714578e-03
8.4500	-5.365117e-02
8.5000	-9.275472e-02
8.5500	-1.210627e-01
8.6000	-1.358945e-01
8.6500	-1.375258e-01
8.7000	-1.275131e-01
8.7500	-1.094781e-01
8.8000	-8.790696e-02
8.8500	-6.571874e-02
8.9000	-4.559747e-02
8.9500	-2.942780e-02
9.0000	-1.744140e-02
9.0500	-8.591543e-03
9.1000	-4.422224e-03
9.1500	-1.526578e-03
9.2000	-8.247515e-05
9.2500	5.486126e-04
9.3000	4.505675e-04
9.3500	2.233909e-04
9.4000	-1.042079e-04
9.4500	2.038367e-04
9.5000	-1.326342e-04
9.5500	3.691017e-04
9.6000	2.315230e-04
9.6500	-1.801732e-04
9.7000	8.519178e-05
9.7500	-8.791659e-05
9.8000	-3.947189e-04
9.8500	-1.512299e-04
9.9000	4.168717e-05
9.9500	-1.197774e-04
10.0000	4.811044e-05
10.0500	-6.210630e-04
10.1000	8.118300e-05
10.1500	6.405977e-05
10.2000	-2.213541e-04
10.2500	6.183201e-05
10.3000	1.383825e-04
10.3500	2.856854e-04
10.4000	5.767260e-05
10.4500	-1.485613e-04
10.5000	-3.554207e-04
10.5500	-3.095439e-05
10.6000	1.380287e-04
10.6500	-1.868324e-04
10.7000	2.136691e-04
10.7500	-5.632962e-05
10.8000	-1.246578e-06
10.8500	1.776892e-04
10.9000	1.287715e-04
10.9500	-3.023518e-04
11.0000	-9.535749e-05
11.0500	-5.392549e-04
11.1000	-9.941737e-05
11.1500	-9.389579e-05
11.2000	-4.764813e-05
11.2500	1.590653e-04
11.3000	1.001440e-04
11.3500	2.311403e-04
11.4000	2.544738e-04
11.4500	3.936749e-04
11.5000	-1.343599e-05
11.5500	-8.730115e-05
11.6000	9.229706e-05
11.6500	5.532445e-04
11.7000	-1.196897e-04
11.7500	-8.698726e-07
11.8000	3.308747e-04
11.8500	-2.391205e-05
11.9000	-1.095936e-05
11.9500	3.611968e-04
12.0000	1.424732e-04
12.0500	2.583880e-04
12.1000	2.519472e-04
12.1500	2.326838e-05
12.2000	-1.105576e-04
12.2500	3.721099e-04
12.3000	-2.939041e-04
12.3500	5.114176e-05
12.4000	2.191478e-04
12.4500	-5.591975e-05
12.5000	-8.931458e-06
12.5500	8.108897e-05
12.6000	-9.338634e-05
12.6500	5.246721e-05
12.7000	-1.913102e-04
12.7500	-2.525179e-04
12.8000	4.928198e-04
12.8500	-4.145089e-04
12.9000	-2.106572e-04
12.9500	1.252327e-04
13.0000	-3.263150e-04
13.0500	-1.369334e-04
13.1000	-2.057679e-04
13.1500	2.879306e-04
13.2000	-2.398214e-04
13.2500	1.676383e-04
13.3000	-2.715448e-04
13.3500	7.729811e-05
13.4000	-2.613080e-04
13.4500	-6.413363e-05
13.5000	-9.334607e-05
13.5500	-3.336346e-04
13.6000	1.298960e-05
13.6500	9.248467e-06
13.7000	-2.759664e-05
13.7500	1.772013e-04
13.8000	4.817652e-04
13.8500	-2.522498e-04
13.9000	-3.483868e-04
13.9500	4.869691e-04
