# time (ps)	E field (a.u.)
0.0000	-4.441428e-04
0.0500	-1.988745e-04
0.1000	-6.361916e-04
0.1500	-1.090494e-04
0.2000	2.569831e-05
0.2500	-5.716512e-05
0.3000	3.117253e-05
0.3500	9.870781e-05
0.4000	-5.470234e-05
0.4500	-2.152864e-04
0.5000	-1.977959e-04
0.5500	2.056115e-05
0.6000	-1.850040e-04
0.6500	2.367040e-04
0.7000	-1.201732e-04
0.7500	-8.727634e-06
0.8000	-2.265311e-04
0.8500	8.935310e-05
0.9000	-1.580054e-04
0.9500	2.621433e-04
1.0000	-2.669313e-04
1.0500	4.125939e-05
1.1000	-2.989136e-05
1.1500	-1.268185e-05
1.2000	2.718043e-04
1.2500	1.823901e-04
1.3000	-1.432389e-04
1.3500	2.060552e-04
1.4000	-3.434426e-05
1.4500	9.155316e-05
1.5000	-1.553293e-04
1.5500	-6.758463e-07
1.6000	5.542674e-05
1.6500	-7.158839e-05
1.7000	-1.224855e-04
1.7500	-2.700603e-04
1.8000	3.871528e-05
1.8500	1.937519e-04
1.9000	1.216422e-06
1.9500	-2.007359e-05
2.0000	-2.692725e-04
2.0500	-1.334156e-04
2.1000	-4.065330e-05
2.1500	-1.165820e-04
2.2000	6.359337e-05
2.2500	1.461025e-05
2.3000	2.710167e-06
2.3500	-5.065654e-06
2.4000	-6.793194e-05
2.4500	-1.191134e-05
2.5000	-9.443743e-05
2.5500	-2.812862e-04
2.6000	-1.029210e-04
2.6500	-2.718554e-04
2.7000	-3.874930e-04
2.7500	-1.348622e-04
2.8000	-5.473817e-05
2.8500	4.700033e-05
2.9000	-8.541893e-05
2.9500	4.053638e-05
3.0000	2.085165e-04
3.0500	2.064140e-05
3.1000	2.285132e-05
3.1500	-1.060541e-04
3.2000	7.069064e-05
3.2500	-2.569366e-05
3.3000	3.226873e-05
3.3500	-1.727005e-04
3.4000	-1.285241e-04
3.4500	-1.900518e-05
3.5000	1.638579e-04
3.5500	1.672115e-05
3.6000	-5.134572e-05
3.6500	-1.641221e-04
3.7000	-1.180245e-04
3.7500	-8.262446e-05
3.8000	-1.630985e-04
3.8500	-3.225970e-05
3.9000	1.415668e-04
3.9500	7.004192e-05
4.0000	-1.465415e-04
4.0500	-1.988033e-05
4.1000	-1.981729e-04
4.1500	-3.634859e-04
4.2000	1.195241e-04
4.2500	-7.752929e-05
4.3000	2.216243e-04
4.3500	4.422111e-05
4.4000	-1.447654e-04
4.4500	6.521069e-05
4.5000	1.460962e-04
4.5500	-8.720405e-06
4.6000	-1.548456e-04
4.6500	-4.703473e-05
4.7000	-9.456598e-05
4.7500	-2.024283e-04
4.8000	-2.175186e-04
4.8500	4.158483e-05
4.9000	1.861062e-04
4.9500	-1.484284e-05
5.0000	1.092950e-04
5.0500	2.059312e-04
5.1000	3.441752e-04
5.1500	-8.022755e-05
5.2000	-6.838924e-05
5.2500	7.147810e-05
5.3000	4.004529e-05
5.3500	-2.155656e-07
5.4000	1.419605e-04
5.4500	2.656198e-05
5.5000	1.194197e-05
5.5500	-1.957595e-04
5.6000	-1.162115e-04
5.6500	-2.537705e-05
5.7000	-1.238681e-04
5.7500	-3.245538e-05
5.8000	-1.158624e-04
5.8500	6.391897e-05
5.9000	1.042211e-04
5.9500	-2.904500e-04
6.0000	2.410631e-04
6.0500	-2.935491e-04
6.1000	-1.254638e-05
6.1500	8.947518e-05
6.2000	-1.170173e-04
6.2500	8.270115e-05
6.3000	-1.452380e-04
6.3500	9.729177e-05
6.4000	-4.201686e-04
6.4500	-1.501032e-04
6.5000	-2.628523e-04
6.5500	-1.481861e-05
6.6000	2.078783e-04
6.6500	1.838780e-04
6.7000	9.680135e-05
6.7500	-1.683639e-05
6.8000	-1.442199e-04
6.8500	1.424802e-04
6.9000	3.424227e-05
6.9500	-1.244895e-04
7.0000	-1.991768e-04
7.0500	-7.207709e-05
7.1000	1.575101e-04
7.1500	1.813765e-04
7.2000	2.353434e-04
7.2500	-3.575064e-05
7.3000	5.262002e-05
7.3500	3.591470e-04
7.4000	4.136475e-04
7.4500	1.022656e-03
7.5000	1.708139e-03
7.5500	3.872678e-03
7.6000	7.601718e-03
7.6500	1.376693e-02
7.7000	2.409767e-02
7.7500	3.998013e-02
7.8000	6.445910e-02
7.8500	9.801606e-02
7.9000	1.423716e-01
7.9500	1.979655e-01
8.0000	2.610007e-01
8.0500	3.268177e-01
8.1000	3.868681e-01
8.1500	4.314203e-01
8.2000	4.494613e-01
8.2500	4.324775e-01
8.3000	3.753875e-01
8.3500	2.793089e-01
8.4000	1.520619e-01
8.4500	7.265048e-03
8.5000	-1.384719e-01
8.5500	-2.681127e-01
8.6000	-3.674841e-01
8.6500	-4.286523e-01
8.7000	-4.496317e-01
8.7500	-4.345695e-01
8.8000	-3.922429e-01
8.8500	-3.331169e-01
8.9000	-2.670382e-01
8.9500	-2.034380e-01
9.0000	-1.476274e-01
9.0500	-1.015014e-01
9.1000	-6.686881e-02
9.1500	-4.220735e-02
9.2000	-2.509970e-02
9.2500	-1.459491e-02
9.3000	-7.948175e-03
9.3500	-3.907480e-03
9.4000	-1.921803e-03
9.4500	-1.000725e-03
9.5000	-3.004762e-04
9.5500	4.592934e-05
9.6000	6.141689e-05
9.6500	7.841899e-05
9.7000	3.345796e-04
9.7500	4.704219e-05
9.8000	-1.260055e-04
9.8500	7.653705e-05
9.9000	3.685490e-04
9.9500	1.581007e-05
10.0000	2.190359e-05
10.0500	-3.509963e-04
10.1000	-1.854711e-04
10.1500	1.246811e-04
10.2000	-2.455492e-04
10.2500	1.292745e-04
10.3000	1.707189e-05
10.3500	-8.390708e-05
10.4000	2.613483e-04
10.4500	-3.704116e-05
10.5000	-7.663768e-05
10.5500	5.334355e-05
10.6000	7.393857e-05
10.6500	-2.432760e-04
10.7000	1.057200e-04
10.7500	5.463077e-05
10.8000	-3.966603e-05
10.8500	1.035676e-04
10.9000	-2.911584e-07
10.9500	1.713096e-04
11.0000	1.799147e-05
11.0500	8.228890e-05
11.1000	-8.457351e-05
11.1500	-6.322541e-05
11.2000	1.446138e-04
11.2500	-1.983001e-04
11.3000	-4.925370e-05
11.3500	-2.176758e-05
11.4000	1.979782e-04
11.4500	2.087246e-04
11.5000	1.808173e-04
11.5500	3.868201e-05
11.6000	2.004418e-04
11.6500	2.331638e-04
11.7000	8.209404e-05
11.7500	1.760019e-05
11.8000	1.428999e-04
11.8500	-2.759876e-04
11.9000	-2.435226e-05
11.9500	3.448643e-05
12.0000	7.089299e-05
12.0500	-1.286448e-07
12.1000	1.968498e-04
12.1500	-5.985333e-05
12.2000	-4.694097e-05
12.2500	2.035804e-04
12.3000	-1.924176e-04
12.3500	-2.619838e-05
12.4000	-2.149249e-05
12.4500	1.998416e-05
12.5000	-6.168745e-05
12.5500	1.066402e-04
12.6000	-1.250138e-04
12.6500	-2.182699e-04
12.7000	9.158144e-05
12.7500	-1.975661e-04
12.8000	-1.100680e-05
12.8500	5.242830e-06
12.9000	-1.777119e-04
12.9500	-1.253560e-04
13.0000	-3.751723e-05
13.0500	7.600780e-05
13.1000	-7.017983e-05
13.1500	-4.203674e-05
13.2000	-1.723154e-04
13.2500	1.415876e-05
13.3000	-2.616939e-04
13.3500	-1.335193e-05
13.4000	-7.374198e-05
13.4500	3.126819e-04
13.5000	2.216634e-04
13.5500	-2.133446e-05
13.6000	1.029184e-04
13.6500	2.436779e-05
13.7000	-1.368288e-04
13.7500	-3.222630e-04
13.8000	1.485059e-04
13.8500	7.144423e-05
13.9000	-3.287768e-04
13.9500	5.289272e-05
