# time (ps)	E field (a.u.)
14.0000	1.340696e-04
14.0500	-1.434395e-04
14.1000	1.297480e-04
14.1500	-1.987778e-04
14.2000	-3.783369e-05
14.2500	-2.301605e-05
14.3000	1.107343e-04
14.3500	2.309569e-06
14.4000	-4.451606e-05
14.4500	1.329432e-04
14.5000	-1.217345e-04
14.5500	2.912359e-04
14.6000	-4.919792e-05
14.6500	8.428200e-05
14.7000	4.065156e-05
14.7500	-4.704932e-06
14.8000	7.606141e-05
14.8500	3.142528e-05
14.9000	1.862191e-04
14.9500	1.443131e-04
15.0000	-1.327344e-04
15.0500	1.944737e-05
15.1000	5.700263e-05
15.1500	-7.283637e-05
15.2000	-1.639043e-04
15.2500	6.523179e-05
15.3000	4.562209e-06
15.3500	-1.315074e-04
15.4000	-5.127994e-05
15.4500	2.934149e-05
15.5000	4.278142e-05
15.5500	-1.611244e-04
15.6000	-9.230849e-05
15.6500	2.408072e-04
15.7000	-8.808420e-05
15.7500	-7.186635e-05
15.8000	2.880212e-04
15.8500	4.900040e-05
15.9000	-7.520871e-05
15.9500	-3.166034e-04
16.0000	2.990168e-05
16.0500	-2.192969e-04
16.1000	1.168886e-05
16.1500	-9.768471e-05
16.2000	-3.299299e-04
16.2500	3.080719e-04
16.3000	-1.053602e-04
16.3500	1.613398e-04
16.4000	1.148140e-04
16.4500	-1.105906e-04
16.5000	9.038677e-06
16.5500	-6.575150e-05
16.6000	1.317512e-04
16.6500	-2.372529e-05
16.7000	-1.005248e-04
16.7500	1.786649e-04
16.8000	9.526767e-05
16.8500	1.332599e-04
16.9000	-7.600425e-05
16.9500	8.701454e-05
17.0000	-2.290235e-04
17.0500	3.112009e-05
17.1000	-8.221502e-05
17.1500	8.554994e-06
17.2000	-6.301222e-05
17.2500	-3.304623e-05
17.3000	6.107345e-05
17.3500	2.846856e-05
17.4000	5.242872e-05
17.4500	-1.588801e-04
17.5000	-3.081067e-04
17.5500	1.969449e-04
17.6000	2.090758e-04
17.6500	-1.083102e-04
17.7000	5.726096e-04
17.7500	4.184202e-04
17.8000	1.218401e-03
17.8500	2.280474e-03
17.9000	3.989746e-03
17.9500	6.988264e-03
18.0000	1.116631e-02
18.0500	1.814237e-02
18.1000	2.727761e-02
18.1500	3.939381e-02
18.2000	5.417720e-02
18.2500	7.068379e-02
18.3000	8.759183e-02
18.3500	1.028038e-01
18.4000	1.129932e-01
18.4500	1.162104e-01
18.5000	1.099314e-01
18.5500	9.305405e-02
18.6000	6.654649e-02
18.6500	3.245316e-02
18.7000	-5.523319e-03
18.7500	-4.268082e-02
18.8000	-7.466913e-02
18.8500	-9.905093e-02
18.9000	-1.127545e-01
18.9500	-1.163549e-01
19.0000	-1.104822e-01
19.0500	-9.897412e-02
19.1000	-8.297902e-02
19.1500	-6.565666e-02
19.2000	-4.981051e-02
19.2500	-3.571386e-02
19.3000	-2.440041e-02
19.3500	-1.610424e-02
19.4000	-9.945667e-03
19.4500	-5.778811e-03
19.5000	-3.445897e-03
19.5500	-1.785537e-03
19.6000	-7.836346e-04
19.6500	-2.543804e-04
19.7000	-3.948160e-04
19.7500	2.015903e-05
19.8000	-4.668370e-05
19.8500	-2.794322e-04
19.9000	-8.189726e-05
19.9500	1.607016e-04
20.0000	6.394703e-05
20.0500	-2.084356e-04
20.1000	2.744936e-04
20.1500	1.537205e-04
20.2000	-1.020899e-05
20.2500	-8.489285e-05
20.3000	-4.481548e-05
20.3500	-7.395180e-05
20.4000	1.738635e-04
20.4500	-3.345720e-06
20.5000	1.324008e-04
20.5500	-4.464716e-05
20.6000	-2.269231e-04
20.6500	1.341142e-04
20.7000	-1.562432e-04
20.7500	-4.964979e-05
20.8000	3.891640e-05
20.8500	-1.300965e-04
20.9000	8.371031e-05
20.9500	-1.715427e-04
21.0000	2.069020e-04
21.0500	-6.856738e-05
21.1000	1.387431e-04
21.1500	2.142289e-04
21.2000	-7.566546e-05
21.2500	-1.189432e-04
21.3000	1.585218e-04
21.3500	-2.964938e-06
21.4000	2.050917e-05
21.4500	-2.340892e-04
21.5000	-3.085595e-04
21.5500	5.745241e-05
21.6000	2.181750e-04
21.6500	-3.210136e-05
21.7000	-8.336609e-05
21.7500	6.576149e-05
21.8000	8.147306e-05
21.8500	1.390315e-04
21.9000	1.209780e-05
21.9500	-2.915798e-04
22.0000	2.246937e-04
22.0500	-4.545951e-05
22.1000	1.049528e-04
22.1500	-2.621465e-04
22.2000	2.873844e-05
22.2500	-2.322535e-05
22.3000	-1.808989e-04
22.3500	1.970381e-04
22.4000	1.534300e-04
22.4500	-5.783412e-05
22.5000	1.130499e-04
22.5500	-1.822958e-04
22.6000	-1.177623e-04
22.6500	-2.109416e-05
22.7000	-7.106573e-05
22.7500	9.944515e-05
22.8000	-1.549011e-04
22.8500	8.049899e-05
22.9000	1.102855e-04
22.9500	-4.996577e-06
23.0000	-2.238682e-04
23.0500	-3.372671e-04
23.1000	-4.061795e-05
23.1500	-1.349487e-04
23.2000	-3.175586e-05
23.2500	-1.339432e-04
23.3000	-1.322627e-05
23.3500	-3.348575e-06
23.4000	-3.965940e-05
23.4500	2.541891e-05
23.5000	1.581989e-05
23.5500	9.691024e-05
23.6000	-1.214425e-04
23.6500	9.285321e-05
23.7000	1.210453e-04
23.7500	-1.463898e-05
23.8000	-1.582727e-04
23.8500	2.329467e-04
23.9000	5.025682e-05
23.9500	-1.273192e-04
24.0000	-6.484114e-05
24.0500	6.286407e-05
24.1000	-8.319905e-05
24.1500	-2.778838e-04
24.2000	4.099008e-05
24.2500	9.045362e-06
24.3000	-8.830165e-05
24.3500	1.883557e-04
24.4000	-2.492801e-04
24.4500	-1.357358e-04
24.5000	-4.317395e-06
24.5500	1.743735e-04
24.6000	5.560546e-05
24.6500	1.428513e-04
24.7000	-3.122515e-04
24.7500	4.823145e-05
24.8000	1.333210e-04
24.8500	8.442994e-05
24.9000	-6.557376e-05
24.9500	6.612606e-05
25.0000	1.506173e-04
25.0500	2.531752e-04
25.1000	6.405978e-05
25.1500	-1.344299e-04
25.2000	1.297698e-05
25.2500	7.034150e-05
25.3000	7.575687e-05
25.3500	2.974041e-04
25.4000	-4.382560e-05
25.4500	-1.791509e-04
25.5000	-8.066847e-05
25.5500	9.047293e-05
25.6000	-1.415687e-04
25.6500	-1.578418e-04
25.7000	-1.214592e-04
25.7500	1.767890e-04
25.8000	-2.686969e-06
25.8500	-5.440858e-05
25.9000	1.749159e-04
25.9500	7.537864e-05
