# time (ps)	E field (a.u.)
14.0000	1.869643e-04
14.0500	1.289650e-05
14.1000	3.425332e-04
14.1500	4.540941e-04
14.2000	-1.866885e-04
14.2500	1.054259e-04
14.3000	-1.305133e-04
14.3500	2.244887e-04
14.4000	2.551718e-04
14.4500	-5.774934e-05
14.5000	3.865689e-05
14.5500	-4.402121e-04
14.6000	7.219666e-06
14.6500	2.180914e-04
14.7000	-1.532519e-04
14.7500	3.009354e-04
14.8000	-3.200278e-04
14.8500	6.009073e-04
14.9000	5.585901e-06
14.9500	-1.707339e-04
15.0000	3.832159e-04
15.0500	3.273056e-05
15.1000	-6.377208e-05
15.1500	2.470797e-04
15.2000	-2.261167e-04
15.2500	-2.852758e-04
15.3000	-1.566046e-04
15.3500	-1.535549e-04
15.4000	5.929664e-04
15.4500	-2.816415e-04
15.5000	-2.894982e-04
15.5500	1.169973e-04
15.6000	3.015327e-04
15.6500	1.068158e-04
15.7000	-2.106532e-04
15.7500	3.905232e-04
15.8000	1.538612e-04
15.8500	-4.416726e-05
15.9000	-1.315165e-04
15.9500	6.767057e-05
16.0000	-1.330464e-04
16.0500	-1.881900e-05
16.1000	7.224214e-07
16.1500	4.812923e-04
16.2000	2.084284e-04
16.2500	3.825344e-05
16.3000	-2.168664e-04
16.3500	2.438213e-05
16.4000	-2.042016e-04
16.4500	-5.096594e-04
16.5000	-7.603385e-05
16.5500	-9.420879e-05
16.6000	-2.771937e-04
16.6500	-9.648660e-05
16.7000	-3.021523e-04
16.7500	-1.084206e-04
16.8000	3.328987e-04
16.8500	-5.875868e-05
16.9000	-5.223092e-04
16.9500	-2.624472e-04
17.0000	2.413819e-04
17.0500	-1.592819e-04
17.1000	-2.608239e-04
17.1500	1.397205e-04
17.2000	-3.273552e-04
17.2500	-2.546606e-04
17.3000	2.095660e-04
17.3500	-3.433252e-05
17.4000	-9.694790e-05
17.4500	-1.216182e-04
17.5000	3.001401e-04
17.5500	7.320796e-05
17.6000	-1.853813e-04
17.6500	-1.265012e-04
17.7000	6.473133e-04
17.7500	2.220926e-04
17.8000	9.798223e-04
17.8500	1.229380e-03
17.9000	2.295061e-03
17.9500	4.358741e-03
18.0000	6.737415e-03
18.0500	1.040640e-02
18.1000	1.547534e-02
18.1500	2.198888e-02
18.2000	2.956910e-02
18.2500	3.742315e-02
18.3000	4.504423e-02
18.3500	5.045821e-02
18.4000	5.282360e-02
18.4500	5.129282e-02
18.5000	4.458090e-02
18.5500	3.237372e-02
18.6000	1.649411e-02
18.6500	-1.572618e-03
18.7000	-1.971486e-02
18.7500	-3.539868e-02
18.8000	-4.734946e-02
18.8500	-5.404327e-02
18.9000	-5.533958e-02
18.9500	-5.188280e-02
19.0000	-4.515344e-02
19.0500	-3.693383e-02
19.1000	-2.760167e-02
19.1500	-1.995363e-02
19.2000	-1.329495e-02
19.2500	-7.488487e-03
19.3000	-4.232757e-03
19.3500	-2.195835e-03
19.4000	-7.634808e-04
19.4500	2.764429e-05
19.5000	4.629878e-05
19.5500	9.329292e-04
19.6000	2.760469e-04
19.6500	6.034680e-05
19.7000	1.672512e-04
19.7500	6.504518e-05
19.8000	1.630986e-04
19.8500	-3.895226e-04
19.9000	2.970710e-04
19.9500	-5.052464e-04
20.0000	3.723017e-04
20.0500	-5.420342e-05
20.1000	-1.640296e-04
20.1500	-2.860241e-04
20.2000	-1.633814e-04
20.2500	-3.329233e-04
20.3000	5.555870e-05
20.3500	-1.858987e-04
20.4000	-1.110908e-04
20.4500	6.032201e-06
20.5000	8.785616e-05
20.5500	5.029024e-05
20.6000	2.261919e-05
20.6500	-2.473311e-04
20.7000	-2.733750e-04
20.7500	-3.156827e-04
20.8000	1.093258e-04
20.8500	-5.647441e-04
20.9000	3.604663e-04
20.9500	-1.373098e-04
21.0000	-3.225153e-04
21.0500	1.558633e-04
21.1000	-1.741441e-04
21.1500	-2.240213e-04
21.2000	3.144303e-06
21.2500	1.137996e-04
21.3000	-1.092053e-04
21.3500	3.316699e-04
21.4000	-4.925197e-05
21.4500	-4.051523e-05
21.5000	2.089341e-04
21.5500	-2.680184e-04
21.6000	1.477456e-04
21.6500	-3.197057e-05
21.7000	-2.852246e-04
21.7500	2.201913e-04
21.8000	-1.582589e-04
21.8500	-1.138767e-04
21.9000	-4.555251e-04
21.9500	1.627367e-04
22.0000	2.841882e-04
22.0500	1.928472e-04
22.1000	-2.683931e-04
22.1500	-5.074757e-05
22.2000	-9.982685e-05
22.2500	-2.306414e-06
22.3000	-1.249276e-04
22.3500	-3.696346e-04
22.4000	-2.244343e-04
22.4500	-1.710010e-04
22.5000	2.363828e-04
22.5500	2.454532e-04
22.6000	-1.215630e-04
22.6500	-3.232408e-05
22.7000	3.046535e-04
22.7500	5.735383e-05
22.8000	2.871529e-04
22.8500	2.286446e-04
22.9000	-1.435888e-04
22.9500	3.071117e-05
23.0000	3.451299e-04
23.0500	1.863956e-04
23.1000	5.170066e-04
23.1500	-4.848044e-05
23.2000	8.718467e-05
23.2500	-2.634610e-04
23.3000	5.376195e-05
23.3500	3.746114e-04
23.4000	3.259172e-05
23.4500	6.200937e-05
23.5000	1.791446e-04
23.5500	-1.118754e-04
23.6000	-1.733313e-04
23.6500	4.548323e-04
23.7000	-8.328428e-05
23.7500	-1.421308e-04
23.8000	-2.456725e-04
23.8500	-2.552499e-04
23.9000	6.558085e-05
23.9500	-3.138576e-05
24.0000	1.424536e-04
24.0500	3.856241e-05
24.1000	1.764930e-04
24.1500	1.825723e-04
24.2000	3.046802e-04
24.2500	-2.157667e-04
24.3000	-4.882805e-04
24.3500	-1.083599e-04
24.4000	3.184142e-05
24.4500	1.058383e-04
24.5000	-1.891965e-04
24.5500	-2.124934e-04
24.6000	7.618756e-05
24.6500	5.158010e-04
24.7000	-1.602180e-04
24.7500	-1.061046e-04
24.8000	-4.662619e-04
24.8500	2.923716e-04
24.9000	6.594316e-06
24.9500	-1.492829e-04
25.0000	1.318674e-05
25.0500	-1.474790e-04
25.1000	2.383561e-04
25.1500	-5.556017e-05
25.2000	1.588923e-04
25.2500	-1.029826e-04
25.3000	-6.145043e-05
25.3500	-7.494925e-05
25.4000	-1.049482e-04
25.4500	-2.231228e-05
25.5000	-3.191639e-04
25.5500	-1.886034e-04
25.6000	-9.006018e-05
25.6500	4.956527e-04
25.7000	3.607534e-05
25.7500	1.680896e-04
25.8000	-3.792564e-04
25.8500	-2.338611e-04
25.9000	2.220071e-06
25.9500	2.260756e-04
