# time (ps)	E field (a.u.)
0.0000	-4.044101e-04
0.0500	2.134337e-04
0.1000	-1.690346e-04
0.1500	-4.577871e-04
0.2000	8.083428e-05
0.2500	-2.354900e-04
0.3000	3.283757e-04
0.3500	4.622068e-04
0.4000	2.533129e-04
0.4500	-9.261712e-05
0.5000	1.115570e-04
0.5500	2.404267e-04
0.6000	-3.264855e-04
0.6500	9.244995e-05
0.7000	-8.129512e-06
0.7500	-2.388772e-05
0.8000	2.223455e-04
0.8500	3.432067e-05
0.9000	-3.155350e-04
0.9500	1.145835e-04
1.0000	-1.675887e-04
1.0500	3.956667e-04
1.1000	1.156524e-04
1.1500	1.388033e-04
1.2000	-1.149993e-05
1.2500	5.402850e-05
1.3000	5.221579e-05
1.3500	-3.380701e-06
1.4000	-3.273315e-04
1.4500	-1.929340e-04
1.5000	-3.952226e-06
1.5500	-1.239345e-04
1.6000	-1.073222e-04
1.6500	-2.394207e-04
1.7000	-6.008870e-06
1.7500	-1.269172e-04
1.8000	2.008846e-04
1.8500	-3.585658e-05
1.9000	-3.394652e-05
1.9500	5.699535e-05
2.0000	-2.793147e-04
2.0500	-7.688780e-05
2.1000	2.247887e-04
2.1500	3.056519e-05
2.2000	2.325923e-04
2.2500	2.548216e-05
2.3000	1.293552e-04
2.3500	-2.834946e-04
2.4000	2.287245e-04
2.4500	-1.299255e-04
2.5000	4.378923e-06
2.5500	7.800707e-05
2.6000	2.605709e-04
2.6500	8.618239e-05
2.7000	2.512749e-04
2.7500	2.791211e-04
2.8000	-2.863677e-04
2.8500	2.305204e-04
2.9000	1.442588e-04
2.9500	3.106316e-04
3.0000	-2.567817e-04
3.0500	1.361612e-04
3.1000	-7.759950e-05
3.1500	1.325044e-04
3.2000	-3.783435e-04
3.2500	1.944338e-04
3.3000	-6.150235e-05
3.3500	1.429282e-04
3.4000	-2.331364e-04
3.4500	6.084883e-05
3.5000	9.185731e-05
3.5500	-1.459672e-04
3.6000	1.890995e-04
3.6500	-3.380912e-04
3.7000	-2.407497e-04
3.7500	1.700132e-04
3.8000	-2.208441e-05
3.8500	1.671949e-04
3.9000	-3.891521e-04
3.9500	-2.292165e-04
4.0000	-4.537521e-04
4.0500	3.928296e-04
4.1000	-6.546226e-06
4.1500	2.589876e-04
4.2000	-5.908313e-05
4.2500	1.937423e-04
4.3000	-1.308877e-04
4.3500	-1.062934e-04
4.4000	-1.729980e-04
4.4500	-7.117795e-06
4.5000	-3.095622e-04
4.5500	-2.629040e-05
4.6000	-1.635228e-04
4.6500	-1.970260e-04
4.7000	-2.228231e-04
4.7500	-8.991009e-05
4.8000	1.975197e-04
4.8500	1.402301e-04
4.9000	1.137917e-04
4.9500	4.195489e-04
5.0000	-2.244243e-04
5.0500	-1.044079e-04
5.1000	-2.148007e-04
5.1500	-2.363779e-04
5.2000	2.461691e-04
5.2500	1.368851e-04
5.3000	1.264020e-05
5.3500	6.731429e-05
5.4000	1.757428e-04
5.4500	-2.153938e-05
5.5000	1.246455e-04
5.5500	1.601417e-05
5.6000	-2.857960e-05
5.6500	5.470105e-04
5.7000	-3.461695e-05
5.7500	-8.408497e-05
5.8000	2.067594e-04
5.8500	8.519784e-05
5.9000	2.130579e-04
5.9500	5.869483e-04
6.0000	2.477969e-04
6.0500	-2.083740e-05
6.1000	-1.626841e-04
6.1500	-1.125626e-04
6.2000	-2.375612e-04
6.2500	-1.442914e-04
6.3000	3.027909e-04
6.3500	1.704213e-04
6.4000	-2.606484e-04
6.4500	-2.375854e-04
6.5000	-2.422333e-04
6.5500	1.428677e-04
6.6000	1.447522e-04
6.6500	-1.773712e-05
6.7000	2.453391e-05
6.7500	1.181851e-04
6.8000	3.322281e-04
6.8500	-4.430916e-05
6.9000	8.227034e-05
6.9500	-2.390174e-04
7.0000	1.366118e-04
7.0500	-1.371283e-04
7.1000	-1.611417e-04
7.1500	3.137349e-04
7.2000	-2.609348e-05
7.2500	-2.488236e-04
7.3000	2.229020e-05
7.3500	-2.916845e-04
7.4000	2.304190e-04
7.4500	5.066279e-04
7.5000	1.806413e-03
7.5500	2.144116e-03
7.6000	4.461740e-03
7.6500	8.354853e-03
7.7000	1.443275e-02
7.7500	2.405687e-02
7.8000	3.751369e-02
7.8500	5.634625e-02
7.9000	7.941482e-02
7.9500	1.082983e-01
8.0000	1.382328e-01
8.0500	1.680770e-01
8.1000	1.914842e-01
8.1500	2.044427e-01
8.2000	2.004941e-01
8.2500	1.774519e-01
8.3000	1.355633e-01
8.3500	7.681151e-02
8.4000	7.066750e-03
8.4500	-6.381343e-02
8.5000	-1.273021e-01
8.5500	-1.764720e-01
8.6000	-2.058311e-01
8.6500	-2.148919e-01
8.7000	-2.046921e-01
8.7500	-1.806435e-01
8.8000	-1.486804e-01
8.8500	-1.143607e-01
8.9000	-8.199083e-02
8.9500	-5.471607e-02
9.0000	-3.354457e-02
9.0500	-1.838678e-02
9.1000	-9.590434e-03
9.1500	-3.582207e-03
9.2000	-1.029845e-03
9.2500	3.547488e-04
9.3000	9.078528e-04
9.3500	6.618422e-04
9.4000	6.080795e-04
9.4500	4.649503e-04
9.5000	7.373955e-05
9.5500	6.231973e-04
9.6000	4.431953e-04
9.6500	1.237598e-04
9.7000	-2.912669e-05
9.7500	9.433101e-05
9.8000	1.329994e-04
9.8500	4.732689e-05
9.9000	2.612630e-04
9.9500	-1.253918e-04
10.0000	-2.761974e-05
10.0500	-1.120365e-04
10.1000	3.197258e-04
10.1500	-2.327507e-04
10.2000	-8.348609e-05
10.2500	-2.843069e-04
10.3000	-8.176182e-04
10.3500	-1.224759e-04
10.4000	-1.520339e-04
10.4500	8.868269e-05
10.5000	1.112850e-04
10.5500	5.086436e-05
10.6000	1.799984e-04
10.6500	-2.247297e-05
10.7000	-1.816510e-04
10.7500	2.016287e-04
10.8000	1.502555e-04
10.8500	1.193740e-04
10.9000	-2.824924e-05
10.9500	1.942802e-04
11.0000	4.335359e-05
11.0500	6.084930e-04
11.1000	-6.116241e-04
11.1500	-1.603933e-04
11.2000	2.319835e-04
11.2500	6.886754e-05
11.3000	-7.052945e-05
11.3500	1.517432e-04
11.4000	-2.327751e-04
11.4500	2.658340e-04
11.5000	2.648193e-04
11.5500	1.084003e-04
11.6000	3.318288e-05
11.6500	2.843021e-04
11.7000	-3.696046e-04
11.7500	-3.353879e-05
11.8000	-1.157790e-04
11.8500	-2.281156e-04
11.9000	-6.005284e-05
11.9500	1.466261e-04
12.0000	2.798735e-04
12.0500	9.669411e-05
12.1000	-3.100345e-04
12.1500	1.158214e-04
12.2000	-3.439872e-04
12.2500	-5.312267e-04
12.3000	-1.976271e-04
12.3500	-1.561100e-04
12.4000	1.248718e-04
12.4500	-4.168536e-04
12.5000	4.840619e-05
12.5500	1.149999e-04
12.6000	-4.060690e-04
12.6500	-4.240281e-04
12.7000	1.450048e-04
12.7500	2.754915e-04
12.8000	8.659268e-05
12.8500	9.376296e-05
12.9000	-3.602539e-04
12.9500	2.515182e-04
13.0000	-3.301325e-04
13.0500	-2.427658e-04
13.1000	-7.353871e-05
13.1500	-1.073532e-04
13.2000	-2.795224e-04
13.2500	-5.614867e-05
13.3000	-1.756893e-04
13.3500	3.502809e-04
13.4000	1.081110e-04
13.4500	2.462930e-04
13.5000	-8.383066e-05
13.5500	-1.822427e-04
13.6000	-6.179911e-05
13.6500	-4.109849e-04
13.7000	-1.636305e-04
13.7500	-3.783114e-04
13.8000	-2.207150e-04
13.8500	6.973376e-05
13.9000	1.902947e-04
13.9500	-2.799643e-04
