# time (ps)	E field (a.u.)
14.0000	1.947766e-04
14.0500	-2.068558e-04
14.1000	-2.174939e-05
14.1500	3.759251e-04
14.2000	-4.040705e-05
14.2500	-1.742074e-04
14.3000	-1.623509e-04
14.3500	3.059925e-04
14.4000	1.967300e-04
14.4500	-9.783081e-05
14.5000	-8.050843e-05
14.5500	-3.823581e-04
14.6000	-8.827314e-05
14.6500	1.814875e-04
14.7000	-3.136729e-04
14.7500	1.449295e-04
14.8000	8.281836e-05
14.8500	2.250958e-04
14.9000	-9.337017e-05
14.9500	-5.797585e-05
15.0000	1.969241e-04
15.0500	1.207847e-04
15.1000	8.638229e-05
15.1500	-7.971690e-05
15.2000	-1.309355e-05
15.2500	-1.314279e-04
15.3000	-2.445839e-05
15.3500	-7.752676e-05
15.4000	-9.674270e-05
15.4500	-3.001000e-04
15.5000	-2.392167e-04
15.5500	-1.515621e-05
15.6000	1.754477e-04
15.6500	-1.427073e-04
15.7000	-1.069399e-04
15.7500	-4.575313e-05
15.8000	1.074544e-04
15.8500	2.016013e-04
15.9000	9.004822e-05
15.9500	1.482209e-05
16.0000	-1.796266e-04
16.0500	2.319121e-05
16.1000	-4.796979e-05
16.1500	-9.978673e-06
16.2000	-1.202244e-04
16.2500	1.143592e-04
16.3000	-4.890452e-05
16.3500	-2.765015e-04
16.4000	-7.778592e-05
16.4500	-2.513701e-04
16.5000	3.669552e-05
16.5500	2.149650e-04
16.6000	9.309619e-05
16.6500	-1.974911e-05
16.7000	-1.752085e-04
16.7500	-1.295355e-04
16.8000	2.882823e-04
16.8500	1.656271e-04
16.9000	-2.308603e-04
16.9500	-1.701835e-04
17.0000	2.873968e-05
17.0500	7.128964e-05
17.1000	-2.090702e-05
17.1500	6.749587e-05
17.2000	-1.397982e-04
17.2500	-1.574280e-04
17.3000	1.661506e-04
17.3500	2.626148e-05
17.4000	4.557084e-05
17.4500	-3.882725e-05
17.5000	1.099548e-04
17.5500	4.273718e-05
17.6000	-2.535188e-05
17.6500	-8.085909e-05
17.7000	4.099321e-04
17.7500	4.659646e-04
17.8000	1.350427e-03
17.8500	2.019742e-03
17.9000	3.838866e-03
17.9500	7.078641e-03
18.0000	1.166553e-02
18.0500	1.813992e-02
18.1000	2.692319e-02
18.1500	3.938904e-02
18.2000	5.394087e-02
18.2500	7.070364e-02
18.3000	8.788527e-02
18.3500	1.027545e-01
18.4000	1.132166e-01
18.4500	1.162016e-01
18.5000	1.099210e-01
18.5500	9.298975e-02
18.6000	6.638557e-02
18.6500	3.248808e-02
18.7000	-5.497010e-03
18.7500	-4.257965e-02
18.8000	-7.495669e-02
18.8500	-9.890052e-02
18.9000	-1.126745e-01
18.9500	-1.160984e-01
19.0000	-1.105217e-01
19.0500	-9.859212e-02
19.1000	-8.301934e-02
19.1500	-6.598072e-02
19.2000	-4.988739e-02
19.2500	-3.560641e-02
19.3000	-2.434946e-02
19.3500	-1.619089e-02
19.4000	-9.833696e-03
19.4500	-5.633767e-03
19.5000	-3.579462e-03
19.5500	-1.660636e-03
19.6000	-8.766072e-04
19.6500	-5.997316e-04
19.7000	-3.006449e-04
19.7500	-1.735323e-04
19.8000	3.318639e-04
19.8500	1.559792e-05
19.9000	2.887581e-04
19.9500	-1.779993e-04
20.0000	1.136534e-04
20.0500	1.227954e-04
20.1000	-5.451766e-05
20.1500	-6.811872e-05
20.2000	5.080037e-05
20.2500	-2.396558e-04
20.3000	-9.724661e-05
20.3500	-1.330002e-04
20.4000	-1.791034e-04
20.4500	9.951630e-05
20.5000	5.534456e-06
20.5500	-1.604783e-05
20.6000	-8.895263e-05
20.6500	-7.000665e-05
20.7000	-1.681912e-04
20.7500	-1.249490e-04
20.8000	-8.186526e-05
20.8500	-7.993269e-05
20.9000	4.782834e-05
20.9500	-6.162221e-05
21.0000	-2.729458e-04
21.0500	7.401142e-05
21.1000	-1.190236e-04
21.1500	-2.444074e-04
21.2000	-1.609653e-04
21.2500	-8.252276e-05
21.3000	-1.801316e-05
21.3500	-1.942300e-05
21.4000	3.119520e-04
21.4500	-1.706877e-04
21.5000	1.786173e-04
21.5500	3.190242e-06
21.6000	-1.185498e-05
21.6500	-3.564740e-04
21.7000	-1.052906e-04
21.7500	1.183668e-04
21.8000	-1.605808e-04
21.8500	-2.325060e-04
21.9000	-2.549360e-04
21.9500	-3.171557e-05
22.0000	2.503285e-05
22.0500	2.047969e-04
22.1000	-9.615594e-05
22.1500	1.568424e-05
22.2000	-1.871481e-04
22.2500	-3.031844e-05
22.3000	2.086900e-04
22.3500	-1.110126e-04
22.4000	8.680638e-05
22.4500	-1.803121e-04
22.5000	-2.332317e-04
22.5500	-9.473772e-05
22.6000	-1.429304e-04
22.6500	-4.632472e-05
22.7000	1.393026e-04
22.7500	-4.422655e-05
22.8000	3.102003e-05
22.8500	2.205496e-04
22.9000	4.557195e-06
22.9500	-8.681997e-05
23.0000	-2.607056e-05
23.0500	1.660212e-04
23.1000	2.051216e-04
23.1500	2.420661e-04
23.2000	3.246912e-04
23.2500	-2.589279e-04
23.3000	1.603819e-05
23.3500	2.839678e-04
23.4000	4.673095e-05
23.4500	-3.141542e-05
23.5000	-1.727809e-04
23.5500	1.243204e-04
23.6000	-1.160149e-04
23.6500	3.623720e-05
23.7000	8.905706e-07
23.7500	8.818836e-05
23.8000	-4.359941e-05
23.8500	-6.179477e-05
23.9000	1.371394e-04
23.9500	-7.769824e-05
24.0000	1.029342e-04
24.0500	-1.179427e-04
24.1000	2.407752e-04
24.1500	1.235082e-04
24.2000	1.568993e-04
24.2500	1.787312e-04
24.3000	-2.840299e-04
24.3500	-3.639656e-04
24.4000	2.272069e-04
24.4500	-7.454215e-05
24.5000	-1.184965e-04
24.5500	-1.362487e-04
24.6000	-1.441299e-06
24.6500	7.483610e-05
24.7000	1.012937e-04
24.7500	-4.962799e-05
24.8000	-4.365782e-04
24.8500	8.354299e-05
24.9000	7.851412e-05
24.9500	-1.662357e-04
25.0000	-1.280281e-04
25.0500	-2.016582e-04
25.1000	2.479573e-04
25.1500	-1.336859e-04
25.2000	1.802844e-04
25.2500	1.793746e-05
25.3000	1.545908e-04
25.3500	-1.031461e-04
25.4000	-2.219124e-04
25.4500	-3.011190e-05
25.5000	-2.855410e-04
25.5500	-2.120684e-04
25.6000	3.175199e-05
25.6500	2.029518e-04
25.7000	-4.307079e-05
25.7500	-2.887174e-04
25.8000	-1.573600e-04
25.8500	6.644073e-05
25.9000	-7.701386e-05
25.9500	3.210451e-04
