# time (ps)	E field (a.u.)
0.0000	-6.177571e-04
0.0500	-4.444987e-04
0.1000	-3.727681e-04
0.1500	-5.776828e-04
0.2000	-2.742475e-04
0.2500	-8.142281e-05
0.3000	-1.885678e-04
0.3500	-8.447157e-05
0.4000	-4.152519e-05
0.4500	1.032490e-04
0.5000	3.137276e-05
0.5500	2.744030e-04
0.6000	-2.060972e-04
0.6500	1.292979e-04
0.7000	-7.649262e-05
0.7500	3.508730e-05
0.8000	3.181689e-04
0.8500	1.335685e-04
0.9000	-3.505950e-05
0.9500	2.252182e-04
1.0000	-2.879766e-05
1.0500	6.285853e-05
1.1000	1.466556e-04
1.1500	9.497843e-05
1.2000	-3.053924e-05
1.2500	2.601343e-05
1.3000	6.792366e-05
1.3500	-4.806243e-06
1.4000	1.379367e-04
1.4500	-2.616764e-04
1.5000	6.976790e-05
1.5500	-1.037686e-04
1.6000	5.405477e-05
1.6500	-8.589483e-05
1.7000	-5.520251e-05
1.7500	-1.009793e-04
1.8000	1.916371e-04
1.8500	-5.777520e-05
1.9000	-8.760925e-05
1.9500	9.808373e-06
2.0000	-2.336370e-04
2.0500	-1.600063e-04
2.1000	4.836913e-05
2.1500	5.492953e-05
2.2000	1.574923e-04
2.2500	5.042539e-05
2.3000	-6.789785e-05
2.3500	-1.801556e-04
2.4000	1.665567e-04
2.4500	-3.682314e-04
2.5000	4.293030e-05
2.5500	5.809364e-05
2.6000	2.163420e-04
2.6500	2.350337e-04
2.7000	1.322896e-04
2.7500	3.577601e-04
2.8000	-1.990601e-04
2.8500	1.314517e-05
2.9000	9.861816e-05
2.9500	-3.131023e-04
3.0000	-6.877225e-05
3.0500	9.759944e-05
3.1000	-1.013307e-04
3.1500	1.305699e-04
3.2000	4.722640e-05
3.2500	2.301232e-04
3.3000	1.573376e-04
3.3500	4.564077e-05
3.4000	2.795323e-05
3.4500	-3.689573e-04
3.5000	1.221535e-06
3.5500	-8.993436e-05
3.6000	1.067853e-04
3.6500	-2.254397e-05
3.7000	-7.827043e-05
3.7500	6.052855e-05
3.8000	4.568416e-05
3.8500	2.274952e-04
3.9000	1.470315e-04
3.9500	1.374650e-04
4.0000	-9.276046e-05
4.0500	7.548621e-05
4.1000	7.123477e-05
4.1500	4.494154e-05
4.2000	2.831417e-05
4.2500	1.346957e-05
4.3000	-1.030949e-05
4.3500	-1.830251e-07
4.4000	-1.706873e-04
4.4500	-8.569157e-05
4.5000	9.886353e-05
4.5500	1.019386e-05
4.6000	5.733615e-05
4.6500	-2.817997e-05
4.7000	-2.030311e-04
4.7500	-7.400400e-05
4.8000	2.627045e-04
4.8500	2.464185e-05
4.9000	-1.122909e-04
4.9500	1.003249e-04
5.0000	-7.139747e-05
5.0500	-1.088271e-04
5.1000	-2.154937e-04
5.1500	-2.724492e-04
5.2000	6.678284e-05
5.2500	1.029470e-05
5.3000	3.825200e-05
5.3500	9.213196e-05
5.4000	-6.178781e-05
5.4500	1.363433e-05
5.5000	-1.224656e-04
5.5500	-1.238664e-05
5.6000	-1.782781e-04
5.6500	1.598815e-04
5.7000	1.521954e-04
5.7500	-1.563922e-04
5.8000	-1.069582e-04
5.8500	2.904308e-05
5.9000	-7.653158e-05
5.9500	6.467623e-05
6.0000	-2.832020e-05
6.0500	-4.937589e-05
6.1000	-2.560043e-05
6.1500	-2.376281e-04
6.2000	-2.704457e-04
6.2500	-1.374795e-04
6.3000	1.243169e-04
6.3500	5.125286e-05
6.4000	9.082665e-05
6.4500	-1.605185e-04
6.5000	-1.248057e-04
6.5500	-5.755473e-05
6.6000	4.604326e-05
6.6500	-2.780178e-04
6.7000	-9.374904e-05
6.7500	-4.253769e-05
6.8000	1.836149e-04
6.8500	2.296011e-05
6.9000	-1.622711e-04
6.9500	1.095575e-04
7.0000	-1.016049e-04
7.0500	1.332955e-04
7.1000	-1.139599e-04
7.1500	2.978480e-04
7.2000	2.516163e-05
7.2500	2.301052e-05
7.3000	3.459313e-05
7.3500	1.652270e-04
7.4000	4.206335e-04
7.4500	8.836044e-04
7.5000	2.283945e-03
7.5500	3.672899e-03
7.6000	7.309140e-03
7.6500	1.374886e-02
7.7000	2.407558e-02
7.7500	4.043872e-02
7.8000	6.428501e-02
7.8500	9.803439e-02
7.9000	1.424872e-01
7.9500	1.981017e-01
8.0000	2.610710e-01
8.0500	3.270689e-01
8.1000	3.867403e-01
8.1500	4.316781e-01
8.2000	4.495838e-01
8.2500	4.322959e-01
8.3000	3.752888e-01
8.3500	2.791699e-01
8.4000	1.519095e-01
8.4500	6.803825e-03
8.5000	-1.386648e-01
8.5500	-2.683454e-01
8.6000	-3.676393e-01
8.6500	-4.290266e-01
8.7000	-4.495591e-01
8.7500	-4.345467e-01
8.8000	-3.919370e-01
8.8500	-3.329507e-01
8.9000	-2.674650e-01
8.9500	-2.037274e-01
9.0000	-1.475000e-01
9.0500	-1.012175e-01
9.1000	-6.717589e-02
9.1500	-4.222551e-02
9.2000	-2.508778e-02
9.2500	-1.451409e-02
9.3000	-7.766913e-03
9.3500	-4.098475e-03
9.4000	-1.967930e-03
9.4500	-8.965129e-04
9.5000	-5.315217e-04
9.5500	-9.091084e-05
9.6000	-8.363754e-05
9.6500	1.973216e-04
9.7000	-2.456771e-04
9.7500	-2.323553e-04
9.8000	3.540346e-05
9.8500	3.934087e-05
9.9000	2.419804e-04
9.9500	-1.775592e-04
10.0000	7.513700e-05
10.0500	-4.085365e-04
10.1000	2.361136e-04
10.1500	-5.501799e-04
10.2000	-1.893312e-05
10.2500	-1.774828e-04
10.3000	-4.103115e-04
10.3500	-2.033826e-04
10.4000	-5.259888e-05
10.4500	-6.141343e-05
10.5000	-1.923019e-04
10.5500	-2.653753e-05
10.6000	-5.752751e-05
10.6500	1.218296e-04
10.7000	9.560331e-05
10.7500	-4.904074e-05
10.8000	-9.687575e-05
10.8500	-6.201713e-05
10.9000	-1.238371e-05
10.9500	-5.482478e-06
11.0000	-1.474560e-04
11.0500	7.806804e-05
11.1000	-1.265752e-04
11.1500	5.592718e-05
11.2000	7.698905e-05
11.2500	-6.530178e-05
11.3000	-2.334563e-04
11.3500	1.668969e-04
11.4000	-1.064521e-04
11.4500	-1.222095e-04
11.5000	-1.297853e-05
11.5500	4.005214e-05
11.6000	-8.080520e-05
11.6500	-8.303423e-05
11.7000	-2.976632e-04
11.7500	1.419352e-04
11.8000	-1.073894e-04
11.8500	-7.767435e-05
11.9000	-3.453866e-04
11.9500	-1.466639e-04
12.0000	9.121094e-05
12.0500	1.918723e-04
12.1000	-1.918770e-04
12.1500	-4.340479e-05
12.2000	8.140564e-05
12.2500	-2.959070e-04
12.3000	-1.133938e-04
12.3500	9.077585e-05
12.4000	1.695973e-04
12.4500	-1.766563e-04
12.5000	-1.973736e-04
12.5500	1.254527e-04
12.6000	-1.062508e-04
12.6500	6.783908e-05
12.7000	-2.960913e-04
12.7500	1.791601e-04
12.8000	4.493952e-05
12.8500	2.662429e-04
12.9000	-1.034396e-04
12.9500	-5.421669e-05
13.0000	-1.196509e-04
13.0500	-2.695992e-04
13.1000	-1.963294e-04
13.1500	-1.527303e-06
13.2000	-2.364425e-04
13.2500	-3.962199e-05
13.3000	-1.074056e-04
13.3500	-1.773985e-05
13.4000	1.422181e-04
13.4500	8.663280e-05
13.5000	1.849892e-04
13.5500	-3.625508e-05
13.6000	1.026461e-04
13.6500	-8.548044e-05
13.7000	-2.272931e-04
13.7500	-2.152032e-04
13.8000	-6.129310e-05
13.8500	3.524878e-05
13.9000	1.997629e-04
13.9500	-1.024800e-04
