# time (ps)	E field (a.u.)
0.0000	-6.280548e-04
0.0500	3.143378e-04
0.1000	-2.536643e-04
0.1500	9.070720e-05
0.2000	1.404431e-04
0.2500	-1.485296e-04
0.3000	-1.770956e-04
0.3500	4.704806e-05
0.4000	-9.152856e-05
0.4500	4.205786e-04
0.5000	-4.070368e-04
0.5500	-1.546020e-04
0.6000	-2.560989e-04
0.6500	-2.709388e-04
0.7000	7.099207e-05
0.7500	1.686911e-04
0.8000	3.931356e-04
0.8500	1.476064e-04
0.9000	-5.875245e-05
0.9500	8.740400e-06
1.0000	4.702051e-04
1.0500	2.734943e-05
1.1000	-2.574470e-04
1.1500	1.320624e-04
1.2000	-5.706351e-05
1.2500	2.898610e-05
1.3000	1.995228e-04
1.3500	1.669475e-04
1.4000	4.281308e-04
1.4500	3.116542e-04
1.5000	2.006606e-04
1.5500	1.167492e-04
1.6000	-2.861333e-04
1.6500	2.953158e-05
1.7000	-4.209251e-04
1.7500	-1.468752e-04
1.8000	2.460471e-04
1.8500	1.402953e-04
1.9000	-3.377636e-04
1.9500	2.030856e-04
2.0000	4.233160e-05
2.0500	-2.702362e-04
2.1000	-8.877303e-05
2.1500	-3.021153e-04
2.2000	1.687258e-04
2.2500	-1.621928e-04
2.3000	-2.260947e-05
2.3500	3.640856e-05
2.4000	-8.110228e-05
2.4500	2.738244e-04
2.5000	-2.870256e-04
2.5500	-2.675385e-04
2.6000	5.730167e-04
2.6500	-2.982335e-04
2.7000	4.288850e-04
2.7500	3.797079e-05
2.8000	-1.669808e-04
2.8500	2.627219e-04
2.9000	4.243066e-04
2.9500	-3.301624e-04
3.0000	-2.977147e-05
3.0500	2.582181e-04
3.1000	-2.844800e-04
3.1500	2.567037e-04
3.2000	-2.432856e-04
3.2500	-2.367796e-04
3.3000	-7.163945e-05
3.3500	-1.332472e-04
3.4000	-7.862578e-05
3.4500	-1.692626e-04
3.5000	-1.477146e-04
3.5500	3.559629e-04
3.6000	-1.244792e-04
3.6500	-1.556246e-04
3.7000	4.227703e-04
3.7500	-3.317349e-04
3.8000	7.622958e-05
3.8500	-1.955414e-04
3.9000	-9.004733e-06
3.9500	2.511890e-04
4.0000	5.198244e-05
4.0500	-1.944451e-05
4.1000	2.850963e-04
4.1500	2.345090e-04
4.2000	3.017113e-04
4.2500	-1.953202e-04
4.3000	-9.632271e-05
4.3500	3.165146e-04
4.4000	3.121503e-04
4.4500	-6.707242e-04
4.5000	1.179885e-04
4.5500	1.937665e-04
4.6000	-5.361123e-04
4.6500	1.127414e-05
4.7000	1.825514e-04
4.7500	-3.290653e-04
4.8000	1.264756e-04
4.8500	-2.938050e-06
4.9000	2.690971e-04
4.9500	-3.209465e-04
5.0000	-3.461794e-04
5.0500	-1.708938e-04
5.1000	1.216822e-04
5.1500	1.807072e-04
5.2000	1.178127e-04
5.2500	-8.138066e-05
5.3000	-3.286362e-04
5.3500	1.437403e-04
5.4000	-2.158122e-05
5.4500	1.160802e-04
5.5000	-3.726772e-04
5.5500	4.000092e-04
5.6000	2.308542e-04
5.6500	-2.847450e-04
5.7000	-3.028001e-05
5.7500	-2.967950e-04
5.8000	-1.921786e-05
5.8500	3.234163e-04
5.9000	2.339459e-04
5.9500	2.239210e-04
6.0000	-2.913790e-04
6.0500	1.407194e-04
6.1000	3.044423e-04
6.1500	3.470438e-04
6.2000	3.042262e-05
6.2500	4.401014e-04
6.3000	-1.433453e-05
6.3500	6.901192e-06
6.4000	-2.375711e-04
6.4500	-4.289947e-05
6.5000	1.284954e-04
6.5500	-7.822259e-06
6.6000	-8.719153e-06
6.6500	1.070245e-04
6.7000	1.390069e-04
6.7500	1.026696e-04
6.8000	-7.208003e-05
6.8500	-1.256060e-04
6.9000	4.241639e-04
6.9500	2.327728e-04
7.0000	2.124133e-05
7.0500	2.807740e-04
7.1000	-3.687299e-05
7.1500	1.495802e-04
7.2000	4.475472e-05
7.2500	-4.864922e-05
7.3000	-8.801515e-06
7.3500	9.967183e-05
7.4000	-4.458264e-05
7.4500	8.800647e-04
7.5000	2.221801e-03
7.5500	3.548965e-03
7.6000	6.282405e-03
7.6500	1.117653e-02
7.7000	1.918746e-02
7.7500	3.132291e-02
7.8000	4.988324e-02
7.8500	7.521040e-02
7.9000	1.089743e-01
7.9500	1.484910e-01
8.0000	1.937996e-01
8.0500	2.381154e-01
8.1000	2.763880e-01
8.1500	3.009812e-01
8.2000	3.034945e-01
8.2500	2.799464e-01
8.3000	2.276472e-01
8.3500	1.485694e-01
8.4000	5.177012e-02
8.4500	-5.249046e-02
8.5000	-1.515476e-01
8.5500	-2.324830e-01
8.6000	-2.881791e-01
8.6500	-3.141978e-01
8.7000	-3.110092e-01
8.7500	-2.854506e-01
8.8000	-2.437595e-01
8.8500	-1.951532e-01
8.9000	-1.469402e-01
8.9500	-1.033858e-01
9.0000	-6.861293e-02
9.0500	-4.219660e-02
9.1000	-2.409333e-02
9.1500	-1.200900e-02
9.2000	-5.390933e-03
9.2500	-1.477901e-03
9.3000	6.014107e-04
9.3500	4.938209e-04
9.4000	4.201979e-04
9.4500	4.969511e-04
9.5000	7.565443e-04
9.5500	5.973531e-04
9.6000	-1.353714e-04
9.6500	-4.661743e-05
9.7000	2.050919e-04
9.7500	5.176480e-05
9.8000	2.837103e-04
9.8500	-2.752365e-04
9.9000	-1.273064e-04
9.9500	1.164556e-04
10.0000	1.274434e-04
10.0500	-2.052065e-04
10.1000	-1.161245e-04
10.1500	-2.188614e-04
10.2000	1.289824e-04
10.2500	-2.926273e-05
10.3000	-2.345726e-04
10.3500	-2.451566e-04
10.4000	-9.627079e-05
10.4500	-1.652177e-04
10.5000	6.994800e-05
10.5500	4.820735e-04
10.6000	3.463711e-04
10.6500	-1.357344e-04
10.7000	-3.544216e-04
10.7500	-1.668925e-04
10.8000	-2.417777e-04
10.8500	7.319624e-05
10.9000	1.201581e-04
10.9500	2.653989e-04
11.0000	-2.960574e-07
11.0500	-4.684268e-04
11.1000	1.347206e-04
11.1500	-1.807672e-04
11.2000	3.513862e-05
11.2500	2.259248e-04
11.3000	-2.261760e-04
11.3500	-4.358647e-04
11.4000	1.901860e-04
11.4500	-5.509952e-05
11.5000	-1.450238e-05
11.5500	6.730719e-05
11.6000	-5.852102e-05
11.6500	1.857677e-04
11.7000	4.366805e-04
11.7500	-9.966296e-05
11.8000	-7.405823e-05
11.8500	1.156551e-04
11.9000	6.359307e-04
11.9500	6.621248e-05
12.0000	-1.528088e-04
12.0500	2.887076e-04
12.1000	2.660189e-04
12.1500	-1.486695e-05
12.2000	-4.974977e-04
12.2500	2.475262e-04
12.3000	-1.871757e-04
12.3500	-1.153956e-04
12.4000	2.746949e-04
12.4500	1.711121e-04
12.5000	2.808999e-05
12.5500	2.070094e-04
12.6000	2.190711e-05
12.6500	-1.307629e-04
12.7000	8.775900e-05
12.7500	-3.181042e-04
12.8000	9.718861e-05
12.8500	-7.099413e-05
12.9000	-1.691826e-04
12.9500	-1.836263e-04
13.0000	-3.226037e-04
13.0500	1.246590e-04
13.1000	-3.750483e-04
13.1500	3.177807e-04
13.2000	-2.929197e-04
13.2500	-2.605531e-05
13.3000	-3.059880e-04
13.3500	-2.912129e-05
13.4000	4.679574e-04
13.4500	-1.989593e-04
13.5000	-2.531505e-04
13.5500	-1.621423e-06
13.6000	2.368349e-04
13.6500	-8.077765e-05
13.7000	-1.813145e-04
13.7500	4.800607e-04
13.8000	-1.889159e-04
13.8500	6.983913e-05
13.9000	-6.406472e-05
13.9500	8.884526e-05
