# time (ps)	E field (a.u.)
14.0000	2.905326e-04
14.0500	4.737015e-05
14.1000	2.921780e-04
14.1500	3.596483e-04
14.2000	-7.309287e-05
14.2500	3.092266e-04
14.3000	-3.103034e-04
14.3500	3.686196e-05
14.4000	2.208215e-05
14.4500	-5.983388e-05
14.5000	-2.728726e-04
14.5500	2.635766e-04
14.6000	-1.054024e-04
14.6500	-3.395084e-04
14.7000	-4.368427e-04
14.7500	-2.202227e-04
14.8000	-6.963814e-04
14.8500	-2.195341e-04
14.9000	-1.559481e-04
14.9500	6.000318e-04
15.0000	-2.559845e-04
15.0500	-9.837579e-05
15.1000	-2.952130e-04
15.1500	-1.022861e-04
15.2000	8.111568e-05
15.2500	-5.307245e-04
15.3000	2.101501e-04
15.3500	1.470794e-04
15.4000	4.785964e-05
15.4500	-1.510509e-04
15.5000	-1.741329e-04
15.5500	-1.742417e-05
15.6000	-2.269251e-04
15.6500	-1.162001e-04
15.7000	2.159719e-04
15.7500	1.508180e-04
15.8000	-3.728690e-04
15.8500	-6.667489e-05
15.9000	-7.366454e-05
15.9500	-6.343308e-06
16.0000	4.416877e-05
16.0500	2.241257e-04
16.1000	5.079023e-04
16.1500	-3.001141e-04
16.2000	7.677553e-05
16.2500	-2.623025e-04
16.3000	8.462111e-05
16.3500	3.779563e-05
16.4000	1.886857e-04
16.4500	1.751102e-04
16.5000	3.740259e-05
16.5500	9.238402e-06
16.6000	1.396611e-04
16.6500	2.592010e-04
16.7000	-5.660006e-04
16.7500	-7.851730e-05
16.8000	-7.088388e-04
16.8500	-1.422683e-04
16.9000	2.262846e-04
16.9500	-2.106101e-04
17.0000	1.013059e-04
17.0500	-2.352077e-04
17.1000	3.298142e-04
17.1500	4.597855e-04
17.2000	9.524119e-06
17.2500	2.305410e-04
17.3000	-1.323834e-04
17.3500	2.143155e-04
17.4000	-1.724045e-04
17.4500	-1.621854e-04
17.5000	1.721886e-04
17.5500	-3.745092e-05
17.6000	1.915132e-04
17.6500	-1.431083e-05
17.7000	4.827291e-04
17.7500	1.381620e-04
17.8000	7.313718e-04
17.8500	1.570664e-03
17.9000	2.792816e-03
17.9500	5.423798e-03
18.0000	8.976767e-03
18.0500	1.378516e-02
18.1000	2.142944e-02
18.1500	3.004612e-02
18.2000	4.052641e-02
18.2500	5.199902e-02
18.3000	6.383315e-02
18.3500	7.360952e-02
18.4000	7.848065e-02
18.4500	7.791092e-02
18.5000	7.063064e-02
18.5500	5.610471e-02
18.6000	3.362764e-02
18.6500	8.230168e-03
18.7000	-1.872217e-02
18.7500	-4.382471e-02
18.8000	-6.313084e-02
18.8500	-7.653540e-02
18.9000	-8.184500e-02
18.9500	-7.952312e-02
19.0000	-7.191424e-02
19.0500	-6.093627e-02
19.1000	-4.824506e-02
19.1500	-3.574607e-02
19.2000	-2.551029e-02
19.2500	-1.623713e-02
19.3000	-9.727432e-03
19.3500	-5.720274e-03
19.4000	-2.697133e-03
19.4500	-1.410677e-03
19.5000	8.783177e-06
19.5500	-2.936059e-04
19.6000	-2.812458e-04
19.6500	1.952667e-06
19.7000	1.158204e-04
19.7500	-1.243739e-04
19.8000	8.802870e-05
19.8500	-2.859642e-04
19.9000	6.081747e-04
19.9500	-2.792172e-04
20.0000	6.224807e-04
20.0500	-1.880313e-05
20.1000	-2.853231e-04
20.1500	4.623970e-05
20.2000	-4.042963e-04
20.2500	-1.181402e-04
20.3000	-1.705211e-04
20.3500	6.395932e-05
20.4000	3.820791e-04
20.4500	-3.911268e-04
20.5000	-8.711644e-05
20.5500	8.085858e-05
20.6000	3.858724e-05
20.6500	-1.447413e-05
20.7000	-1.114589e-04
20.7500	5.200627e-04
20.8000	-2.087026e-04
20.8500	3.996849e-04
20.9000	-3.925269e-04
20.9500	-1.075495e-04
21.0000	-1.851073e-04
21.0500	1.599789e-04
21.1000	-1.725192e-04
21.1500	-4.283409e-04
21.2000	1.193755e-04
21.2500	-1.770031e-04
21.3000	-1.322916e-05
21.3500	1.193074e-04
21.4000	2.055029e-04
21.4500	1.285040e-04
21.5000	1.226130e-04
21.5500	-8.992539e-05
21.6000	-4.087104e-04
21.6500	-2.760736e-05
21.7000	-4.649802e-04
21.7500	1.485680e-04
21.8000	2.667164e-06
21.8500	-3.794901e-04
21.9000	1.229370e-04
21.9500	7.430410e-04
22.0000	-8.994568e-05
22.0500	7.833200e-05
22.1000	4.017201e-05
22.1500	-3.224768e-04
22.2000	3.859873e-04
22.2500	8.352243e-05
22.3000	-1.360679e-04
22.3500	1.910109e-04
22.4000	-2.051667e-04
22.4500	2.055741e-04
22.5000	-1.248907e-04
22.5500	-3.079688e-04
22.6000	-9.888159e-05
22.6500	4.002528e-05
22.7000	-9.203676e-05
22.7500	2.906172e-05
22.8000	2.356758e-04
22.8500	1.928843e-04
22.9000	5.116319e-04
22.9500	-2.560766e-05
23.0000	2.234639e-04
23.0500	-2.185980e-04
23.1000	-1.380396e-04
23.1500	-2.862198e-04
23.2000	-3.260989e-04
23.2500	1.581983e-04
23.3000	2.359868e-04
23.3500	-4.328461e-04
23.4000	1.190700e-04
23.4500	3.557036e-05
23.5000	2.149004e-04
23.5500	-1.884405e-04
23.6000	2.358796e-04
23.6500	8.476801e-05
23.7000	-1.673506e-04
23.7500	9.931756e-05
23.8000	-5.829458e-04
23.8500	3.005911e-04
23.9000	1.144108e-04
23.9500	3.270954e-04
24.0000	5.495257e-04
24.0500	2.197587e-04
24.1000	-3.598902e-04
24.1500	8.141583e-05
24.2000	-3.590032e-04
24.2500	5.218471e-04
24.3000	-1.258316e-04
24.3500	6.674977e-05
24.4000	-1.731485e-04
24.4500	8.477932e-06
24.5000	1.158610e-04
24.5500	-1.482586e-04
24.6000	2.442507e-04
24.6500	2.660112e-04
24.7000	-4.820024e-05
24.7500	1.129935e-04
24.8000	4.153868e-04
24.8500	-1.105343e-04
24.9000	-1.294691e-04
24.9500	-3.648221e-04
25.0000	-1.826793e-04
25.0500	-6.346620e-05
25.1000	-1.639711e-04
25.1500	-2.552102e-05
25.2000	4.984467e-04
25.2500	4.324551e-04
25.3000	-3.000217e-05
25.3500	-2.802830e-05
25.4000	1.363974e-04
25.4500	2.029802e-04
25.5000	-3.259713e-04
25.5500	6.619028e-05
25.6000	-2.026110e-04
25.6500	6.008289e-05
25.7000	2.392424e-04
25.7500	-3.806537e-04
25.8000	-5.877879e-05
25.8500	-1.090538e-04
25.9000	-2.926489e-04
25.9500	4.524002e-04
