# time (ps)	E field (a.u.)
0.0000	-5.675915e-04
0.0500	-2.029615e-04
0.1000	-4.190366e-04
0.1500	-2.301981e-04
0.2000	-4.197663e-05
0.2500	-3.138314e-05
0.3000	-1.591580e-04
0.3500	-7.682252e-05
0.4000	-2.277290e-04
0.4500	-1.526044e-05
0.5000	-2.736563e-04
0.5500	7.312722e-05
0.6000	-1.288767e-05
0.6500	-1.664494e-05
0.7000	1.188537e-04
0.7500	1.372501e-04
0.8000	3.606736e-05
0.8500	1.602410e-04
0.9000	1.141618e-04
0.9500	1.349791e-05
1.0000	9.524236e-05
1.0500	1.751766e-04
1.1000	-5.081632e-05
1.1500	4.945218e-05
1.2000	-2.045628e-04
1.2500	-1.660944e-04
1.3000	5.470218e-05
1.3500	-4.541864e-05
1.4000	6.055814e-05
1.4500	-5.739239e-05
1.5000	-1.732882e-05
1.5500	4.488196e-05
1.6000	-1.360961e-04
1.6500	1.528726e-04
1.7000	-1.375790e-04
1.7500	-6.406718e-05
1.8000	2.338558e-04
1.8500	3.039611e-07
1.9000	-9.372686e-05
1.9500	-9.120169e-05
2.0000	7.531423e-05
2.0500	1.212077e-04
2.1000	-1.413884e-04
2.1500	-1.573274e-04
2.2000	3.675860e-04
2.2500	-1.172362e-04
2.3000	2.196651e-04
2.3500	7.945287e-05
2.4000	-1.058990e-04
2.4500	5.716798e-05
2.5000	-9.662764e-05
2.5500	-4.188507e-05
2.6000	6.480829e-05
2.6500	-1.898768e-04
2.7000	1.530918e-04
2.7500	9.470093e-05
2.8000	-7.925080e-05
2.8500	-1.949662e-04
2.9000	2.523418e-04
2.9500	-2.324867e-04
3.0000	-2.276267e-05
3.0500	1.306732e-04
3.1000	-2.811484e-04
3.1500	1.299114e-04
3.2000	-1.885899e-04
3.2500	-2.668872e-04
3.3000	-1.923903e-04
3.3500	-1.695265e-04
3.4000	1.665884e-04
3.4500	-2.008199e-04
3.5000	4.121706e-06
3.5500	4.865172e-04
3.6000	3.367263e-05
3.6500	9.536981e-05
3.7000	7.857688e-05
3.7500	-3.232597e-06
3.8000	-1.729439e-04
3.8500	3.601922e-05
3.9000	9.969683e-05
3.9500	9.827509e-05
4.0000	7.702727e-05
4.0500	-4.286208e-05
4.1000	-1.079868e-04
4.1500	9.832399e-05
4.2000	7.196749e-05
4.2500	-2.459255e-04
4.3000	-1.690061e-04
4.3500	3.087976e-04
4.4000	1.986339e-05
4.4500	-3.602663e-05
4.5000	4.320874e-05
4.5500	1.109845e-04
4.6000	-1.957543e-04
4.6500	-7.424693e-05
4.7000	2.464111e-04
4.7500	-1.212534e-04
4.8000	8.243634e-05
4.8500	2.684020e-04
4.9000	2.221812e-05
4.9500	-4.801196e-05
5.0000	-1.114006e-04
5.0500	-1.105909e-04
5.1000	1.198763e-04
5.1500	6.943253e-05
5.2000	8.249841e-05
5.2500	-8.473846e-05
5.3000	2.026338e-04
5.3500	3.035954e-04
5.4000	5.761502e-05
5.4500	-3.892351e-05
5.5000	-1.775505e-04
5.5500	3.332120e-04
5.6000	4.064623e-04
5.6500	-5.453080e-05
5.7000	-4.950109e-07
5.7500	-2.606678e-04
5.8000	-9.685321e-05
5.8500	3.593251e-04
5.9000	1.100117e-04
5.9500	1.072295e-04
6.0000	-4.850641e-05
6.0500	-1.743179e-04
6.1000	5.296733e-06
6.1500	1.924692e-04
6.2000	1.954489e-05
6.2500	7.227008e-05
6.3000	8.566880e-05
6.3500	-2.547167e-05
6.4000	-5.207345e-05
6.4500	-9.429591e-05
6.5000	-1.467421e-04
6.5500	5.785098e-05
6.6000	-1.997054e-04
6.6500	2.883612e-04
6.7000	8.383164e-05
6.7500	-2.436737e-04
6.8000	-5.370074e-05
6.8500	-1.483019e-04
6.9000	1.887320e-04
6.9500	5.103199e-05
7.0000	3.580663e-05
7.0500	2.735341e-04
7.1000	-4.518395e-06
7.1500	-3.310223e-05
7.2000	-9.610639e-05
7.2500	-1.392807e-04
7.3000	1.122186e-04
7.3500	4.500485e-04
7.4000	4.366685e-04
7.4500	9.758304e-04
7.5000	1.976326e-03
7.5500	4.193344e-03
7.6000	7.602493e-03
7.6500	1.397701e-02
7.7000	2.412047e-02
7.7500	4.010933e-02
7.8000	6.401120e-02
7.8500	9.779757e-02
7.9000	1.427224e-01
7.9500	1.976707e-01
8.0000	2.610305e-01
8.0500	3.266500e-01
8.1000	3.866630e-01
8.1500	4.314712e-01
8.2000	4.495123e-01
8.2500	4.326910e-01
8.3000	3.754388e-01
8.3500	2.790074e-01
8.4000	1.519926e-01
8.4500	6.899869e-03
8.5000	-1.388929e-01
8.5500	-2.682149e-01
8.6000	-3.675630e-01
8.6500	-4.288311e-01
8.7000	-4.494122e-01
8.7500	-4.346991e-01
8.8000	-3.920131e-01
8.8500	-3.327804e-01
8.9000	-2.674339e-01
8.9500	-2.035008e-01
9.0000	-1.474471e-01
9.0500	-1.016173e-01
9.1000	-6.726044e-02
9.1500	-4.207606e-02
9.2000	-2.538209e-02
9.2500	-1.433055e-02
9.3000	-7.624768e-03
9.3500	-4.303718e-03
9.4000	-2.113168e-03
9.4500	-9.346019e-04
9.5000	-4.036006e-04
9.5500	7.715251e-06
9.6000	-5.074332e-05
9.6500	2.414564e-05
9.7000	9.521031e-05
9.7500	1.107758e-04
9.8000	2.185832e-04
9.8500	-3.788603e-05
9.9000	-1.365323e-04
9.9500	3.016019e-05
10.0000	-1.197407e-06
10.0500	-2.709169e-04
10.1000	-1.712154e-04
10.1500	-2.882865e-04
10.2000	-5.264145e-05
10.2500	-2.306204e-04
10.3000	-1.765721e-04
10.3500	-1.639699e-04
10.4000	-1.934035e-04
10.4500	-8.158551e-06
10.5000	1.066379e-04
10.5500	2.531592e-06
10.6000	2.693079e-04
10.6500	-9.154397e-07
10.7000	-2.782266e-04
10.7500	-7.703287e-05
10.8000	-6.917435e-05
10.8500	1.161280e-04
10.9000	-2.458497e-05
10.9500	7.710701e-05
11.0000	-1.655766e-04
11.0500	-1.200194e-04
11.1000	6.890146e-05
11.1500	-3.724493e-05
11.2000	-4.242057e-06
11.2500	2.636520e-04
11.3000	-1.219515e-04
11.3500	-2.317074e-04
11.4000	2.078843e-04
11.4500	-3.961325e-05
11.5000	-1.193646e-04
11.5500	3.459995e-05
11.6000	1.505132e-04
11.6500	-1.150955e-04
11.7000	1.250180e-04
11.7500	-3.753963e-05
11.8000	2.262755e-04
11.8500	-3.616335e-04
11.9000	3.014655e-04
11.9500	-5.820580e-05
12.0000	1.734428e-04
12.0500	-2.367253e-05
12.1000	4.714978e-05
12.1500	1.418668e-04
12.2000	4.050509e-06
12.2500	-3.733038e-05
12.3000	-7.257377e-05
12.3500	-1.784697e-04
12.4000	1.162431e-04
12.4500	-5.838906e-05
12.5000	5.994741e-05
12.5500	8.740737e-05
12.6000	-3.648698e-05
12.6500	-1.215029e-04
12.7000	-4.979709e-05
12.7500	-3.361906e-04
12.8000	8.181647e-05
12.8500	-5.871418e-05
12.9000	1.266929e-04
12.9500	-4.049403e-05
13.0000	-1.271482e-04
13.0500	-3.215501e-05
13.1000	-9.961816e-05
13.1500	-9.115558e-05
13.2000	-3.959334e-04
13.2500	-9.957543e-05
13.3000	-1.005583e-04
13.3500	3.561058e-05
13.4000	1.535833e-04
13.4500	-2.198043e-04
13.5000	4.464834e-05
13.5500	-1.897916e-04
13.6000	-1.473546e-04
13.6500	-1.371029e-05
13.7000	-2.125727e-04
13.7500	1.404027e-04
13.8000	3.465510e-04
13.8500	-1.413605e-04
13.9000	6.974163e-05
13.9500	2.499105e-05
