# time (ps)	E field (a.u.)
14.0000	5.218255e-05
14.0500	-1.160922e-04
14.1000	1.802222e-04
14.1500	1.476561e-04
14.2000	7.992830e-05
14.2500	3.408142e-04
14.3000	-1.174816e-04
14.3500	-3.140918e-05
14.4000	1.275901e-04
14.4500	1.690013e-04
14.5000	-6.447428e-05
14.5500	8.133209e-05
14.6000	2.940450e-04
14.6500	-1.392010e-05
14.7000	-5.884613e-05
14.7500	5.217324e-05
14.8000	-3.511430e-04
14.8500	1.351477e-05
14.9000	8.443295e-05
14.9500	3.537796e-04
15.0000	-2.241291e-04
15.0500	6.826340e-05
15.1000	1.357668e-04
15.1500	9.465959e-05
15.2000	-1.573804e-04
15.2500	-5.049834e-04
15.3000	-2.373235e-05
15.3500	7.629337e-05
15.4000	5.766681e-05
15.4500	-7.432390e-05
15.5000	-1.517978e-04
15.5500	6.012060e-05
15.6000	-7.074312e-05
15.6500	-1.319795e-04
15.7000	7.612273e-06
15.7500	5.893846e-05
15.8000	-4.386909e-05
15.8500	-1.879564e-04
15.9000	-1.870366e-04
15.9500	1.004511e-04
16.0000	-1.249798e-04
16.0500	1.035897e-04
16.1000	1.808237e-04
16.1500	1.934180e-04
16.2000	-1.194110e-05
16.2500	-2.064972e-05
16.3000	9.328985e-05
16.3500	-4.096385e-05
16.4000	-1.007711e-04
16.4500	1.425587e-04
16.5000	2.677546e-04
16.5500	-1.095006e-04
16.6000	6.020518e-05
16.6500	5.826905e-05
16.7000	4.267445e-06
16.7500	-8.044939e-05
16.8000	-1.088920e-04
16.8500	-2.323112e-04
16.9000	2.348609e-04
16.9500	-1.083130e-05
17.0000	4.051627e-05
17.0500	-2.800048e-04
17.1000	9.005506e-05
17.1500	2.209244e-04
17.2000	2.480811e-05
17.2500	3.392637e-04
17.3000	1.033088e-04
17.3500	1.508340e-05
17.4000	-1.379631e-04
17.4500	-1.375814e-04
17.5000	4.004158e-05
17.5500	9.339728e-05
17.6000	2.947350e-04
17.6500	4.495228e-05
17.7000	3.566326e-04
17.7500	4.719863e-04
17.8000	1.181180e-03
17.8500	2.136582e-03
17.9000	3.695832e-03
17.9500	6.993326e-03
18.0000	1.127672e-02
18.0500	1.786193e-02
18.1000	2.733864e-02
18.1500	3.927218e-02
18.2000	5.399944e-02
18.2500	7.041173e-02
18.3000	8.761511e-02
18.3500	1.027441e-01
18.4000	1.130471e-01
18.4500	1.163431e-01
18.5000	1.101414e-01
18.5500	9.317276e-02
18.6000	6.635788e-02
18.6500	3.245344e-02
18.7000	-5.460534e-03
18.7500	-4.278126e-02
18.8000	-7.482913e-02
18.8500	-9.885177e-02
18.9000	-1.129204e-01
18.9500	-1.162237e-01
19.0000	-1.108024e-01
19.0500	-9.887101e-02
19.1000	-8.312972e-02
19.1500	-6.591956e-02
19.2000	-4.959939e-02
19.2500	-3.580141e-02
19.3000	-2.429964e-02
19.3500	-1.611047e-02
19.4000	-1.009537e-02
19.4500	-5.813179e-03
19.5000	-3.250248e-03
19.5500	-2.030890e-03
19.6000	-1.246487e-03
19.6500	-4.684445e-04
19.7000	-3.351874e-04
19.7500	-2.232890e-04
19.8000	-1.915516e-04
19.8500	-9.984493e-05
19.9000	3.689430e-04
19.9500	-2.253700e-04
20.0000	2.578960e-04
20.0500	-5.828016e-05
20.1000	-2.313943e-04
20.1500	8.880871e-05
20.2000	-2.261707e-05
20.2500	-7.203282e-05
20.3000	7.692110e-05
20.3500	2.421685e-04
20.4000	-7.493128e-06
20.4500	-1.725754e-04
20.5000	-2.454803e-04
20.5500	-6.929648e-05
20.6000	8.252776e-05
20.6500	2.194903e-05
20.7000	2.413883e-05
20.7500	1.958809e-04
20.8000	-3.269704e-04
20.8500	1.734321e-04
20.9000	-7.860747e-06
20.9500	-8.550200e-05
21.0000	4.411044e-05
21.0500	-6.642922e-05
21.1000	-1.228953e-04
21.1500	-3.298173e-04
21.2000	6.037130e-05
21.2500	-2.430514e-04
21.3000	-3.870068e-05
21.3500	-2.396429e-04
21.4000	-4.769677e-05
21.4500	8.401079e-05
21.5000	-9.897604e-08
21.5500	-8.627745e-06
21.6000	-1.390693e-04
21.6500	-4.133820e-05
21.7000	5.843674e-06
21.7500	-4.162305e-05
21.8000	9.381830e-05
21.8500	3.130105e-05
21.9000	1.157931e-04
21.9500	2.641479e-04
22.0000	1.063796e-04
22.0500	1.682368e-04
22.1000	-1.647381e-05
22.1500	-6.769598e-05
22.2000	7.744281e-05
22.2500	2.070027e-04
22.3000	-1.913080e-04
22.3500	9.240556e-06
22.4000	-2.013159e-04
22.4500	2.810115e-05
22.5000	2.136561e-04
22.5500	9.201531e-06
22.6000	-1.449623e-04
22.6500	1.829604e-04
22.7000	7.041298e-05
22.7500	4.530936e-05
22.8000	1.486318e-04
22.8500	-5.699259e-05
22.9000	1.449485e-04
22.9500	-3.278721e-04
23.0000	-2.194727e-05
23.0500	-6.852236e-05
23.1000	8.400850e-06
23.1500	-3.874402e-05
23.2000	-3.005200e-04
23.2500	6.614719e-05
23.3000	-2.124801e-04
23.3500	-3.722811e-04
23.4000	-1.105021e-04
23.4500	1.066562e-04
23.5000	2.258986e-04
23.5500	2.284958e-04
23.6000	-2.623844e-04
23.6500	1.072561e-05
23.7000	-2.096468e-04
23.7500	5.039112e-05
23.8000	-3.516299e-04
23.8500	5.580785e-05
23.9000	1.503087e-05
23.9500	1.266982e-04
24.0000	2.460402e-04
24.0500	9.373727e-05
24.1000	-2.853628e-04
24.1500	9.783411e-05
24.2000	-8.460494e-05
24.2500	-7.154366e-06
24.3000	1.565952e-04
24.3500	-2.155127e-04
24.4000	-4.298077e-05
24.4500	-9.640035e-05
24.5000	7.979624e-05
24.5500	3.686071e-05
24.6000	3.496022e-05
24.6500	1.109893e-04
24.7000	-9.232591e-05
24.7500	-1.107142e-04
24.8000	9.955017e-06
24.8500	1.023947e-04
24.9000	-4.590615e-05
24.9500	-1.301236e-04
25.0000	-8.107051e-05
25.0500	-4.927625e-05
25.1000	-1.636001e-04
25.1500	-1.068724e-04
25.2000	1.241851e-04
25.2500	2.672994e-04
25.3000	7.995245e-05
25.3500	-1.533117e-04
25.4000	2.422491e-04
25.4500	3.167022e-05
25.5000	-2.831084e-04
25.5500	5.299228e-05
25.6000	5.986709e-05
25.6500	1.804768e-04
25.7000	-1.782806e-04
25.7500	1.226318e-04
25.8000	-4.067962e-05
25.8500	1.335495e-05
25.9000	-2.123118e-04
25.9500	1.710910e-04
